id_time,n_flows,n_packets,n_bytes,n_dest_asn,n_dest_ports,n_dest_ip,tcp_udp_ratio_packets,tcp_udp_ratio_bytes,dir_ratio_packets,dir_ratio_bytes,avg_duration,avg_ttl
21,13,271,181464,5.0,4.0,12.0,0.84,0.67,0.37,0.38,26.49,90.69
24,1,20,2491,1.0,1.0,1.0,1.0,1.0,1.0,1.0,30.54,60.0
25,8,135,44417,5.0,3.0,6.0,1.0,1.0,0.56,0.37,10.71,106.0
26,8,191,51775,4.0,3.0,7.0,0.99,1.0,0.67,0.51,16.05,80.0
27,9,150,100778,4.0,4.0,7.0,0.99,1.0,0.72,0.86,15.0,56.67
28,7,375,110755,2.0,1.0,4.0,0.76,0.71,0.56,0.43,6.59,84.43
29,4,67,24147,3.0,3.0,4.0,0.99,1.0,0.69,0.65,8.18,60.0
31,2,21,3605,2.0,2.0,2.0,1.0,1.0,0.95,0.99,1.5,153.5
32,6,53,14557,5.0,4.0,6.0,0.94,0.99,0.55,0.4,0.79,57.67
33,4,190,40378,2.0,2.0,2.0,1.0,1.0,0.99,1.0,13.99,108.25
34,5,19,1017,4.0,4.0,5.0,1.0,1.0,0.26,0.28,0.06,206.8
48,6,88,41837,5.0,3.0,6.0,0.62,0.54,0.15,0.08,3.04,149.83
50,2,18,5317,2.0,2.0,2.0,1.0,1.0,0.5,0.46,1.17,188.5
52,7,50,15542,6.0,6.0,7.0,0.98,1.0,0.62,0.35,8.85,156.86
53,1,12,2072,1.0,1.0,1.0,1.0,1.0,1.0,1.0,3.0,124.0
54,2,21,4530,2.0,2.0,2.0,0.43,0.14,0.81,0.93,0.17,124.0
57,3,9,1077,3.0,3.0,3.0,1.0,1.0,0.78,0.93,0.87,205.33
59,3,23,5549,2.0,2.0,2.0,1.0,1.0,0.39,0.19,2.04,91.33
60,4,6,708,4.0,4.0,4.0,0.83,0.67,0.33,0.26,0.02,218.25
61,2,21,5973,2.0,2.0,2.0,0.48,0.25,0.29,0.1,30.2,108.0
62,3,23,5060,3.0,2.0,3.0,0.17,0.09,0.91,0.95,4.23,167.0
64,2,41,12470,2.0,2.0,2.0,1.0,1.0,0.39,0.18,4.89,92.5
65,2,10,3694,2.0,2.0,2.0,0.8,0.96,0.1,0.02,1.07,93.5
67,3,9,2398,3.0,3.0,3.0,1.0,1.0,0.78,0.96,2.48,74.0
68,9,175,137719,9.0,6.0,9.0,0.88,0.93,0.43,0.43,0.56,150.33
71,15,507,71280,5.0,2.0,10.0,1.0,1.0,0.82,0.41,12.68,123.47
72,34,984,549114,17.0,12.0,26.0,0.99,0.99,0.56,0.07,46.59,106.38
73,11,148,55425,5.0,2.0,7.0,1.0,1.0,0.5,0.35,54.06,100.55
74,4,26,2617,2.0,2.0,3.0,1.0,1.0,0.96,0.98,77.94,156.25
75,5,65,31648,2.0,3.0,5.0,1.0,1.0,0.54,0.26,14.76,95.6
76,3,14,6035,2.0,3.0,3.0,1.0,1.0,0.36,0.04,20.28,102.67
77,2,11,665,2.0,2.0,2.0,1.0,1.0,0.18,0.17,80.4,92.0
78,4,6,268,3.0,3.0,3.0,1.0,1.0,0.33,0.39,0.0,120.5
79,5,16,6497,4.0,4.0,5.0,1.0,1.0,0.06,0.01,6.05,187.8
80,9,21,1920,6.0,7.0,7.0,1.0,1.0,0.67,0.85,0.06,166.78
82,10,51,6046,5.0,6.0,8.0,0.98,0.99,0.37,0.25,30.74,115.1
83,7,5671,413556,5.0,6.0,6.0,0.01,0.01,1.0,1.0,47.18,141.43
84,4,27,5569,3.0,4.0,4.0,1.0,1.0,0.48,0.33,0.06,149.75
86,4,40,4118,2.0,2.0,4.0,1.0,1.0,1.0,1.0,72.32,124.0
88,2,12,1834,2.0,2.0,2.0,1.0,1.0,0.92,0.98,0.24,186.0
103,3,50,19906,3.0,3.0,3.0,1.0,1.0,0.5,0.23,1.81,101.67
104,6,8,386,6.0,6.0,6.0,1.0,1.0,0.25,0.29,0.03,161.33
105,3,5,266,3.0,3.0,3.0,1.0,1.0,0.4,0.42,0.06,145.33
107,4,38,7768,4.0,3.0,4.0,1.0,1.0,0.37,0.16,74.5,88.25
108,7,1836,536976,6.0,7.0,7.0,0.01,0.0,0.01,0.0,37.18,186.29
109,8,54,9461,5.0,6.0,6.0,1.0,1.0,0.48,0.3,37.42,139.25
110,2,4,222,2.0,2.0,2.0,1.0,1.0,0.5,0.5,0.09,188.0
111,9,39,10920,4.0,5.0,7.0,1.0,1.0,0.44,0.16,0.17,102.0
112,5,17,2069,3.0,3.0,5.0,1.0,1.0,0.76,0.91,0.1,95.4
114,29,77,21209,27.0,20.0,29.0,0.62,0.78,0.3,0.14,4.28,109.24
172,6,161,119235,4.0,3.0,5.0,1.0,1.0,0.23,0.04,3.74,87.5
173,6,141,82647,4.0,3.0,6.0,0.85,0.92,0.67,0.61,14.55,87.67
174,5,79,26045,4.0,3.0,4.0,0.56,0.65,0.61,0.42,8.67,142.0
180,23,379,245726,5.0,3.0,20.0,1.0,1.0,0.34,0.11,1.64,120.22
181,5,13,835,4.0,4.0,5.0,1.0,1.0,0.69,0.81,50.33,158.2
183,7,74,21417,6.0,5.0,7.0,1.0,1.0,0.51,0.25,18.06,113.14
185,13,254,82303,7.0,4.0,10.0,1.0,1.0,0.37,0.17,67.76,136.54
186,12,779,760006,5.0,1.0,11.0,0.85,0.9,0.24,0.05,10.09,126.75
187,8,191,82212,4.0,1.0,8.0,1.0,1.0,0.33,0.14,54.14,168.62
188,4,5,217,3.0,3.0,4.0,1.0,1.0,0.2,0.19,0.01,137.25
189,5,24,13031,3.0,4.0,5.0,0.96,1.0,0.5,0.44,0.23,197.6
191,7,107,38049,6.0,3.0,7.0,1.0,1.0,0.36,0.17,12.52,148.0
192,2,26,13778,1.0,1.0,2.0,1.0,1.0,0.5,0.42,5.73,120.0
193,8,75,25332,5.0,3.0,8.0,1.0,1.0,0.21,0.11,88.47,127.88
194,5,69,10324,5.0,2.0,5.0,1.0,1.0,0.16,0.1,58.3,173.0
195,4,100,33412,2.0,1.0,4.0,0.84,0.8,0.38,0.33,130.81,122.25
196,13,274,69176,6.0,3.0,10.0,1.0,1.0,0.5,0.38,108.6,151.54
197,7,82,13790,4.0,3.0,7.0,0.99,1.0,0.72,0.79,75.11,127.71
199,5,56,6330,3.0,2.0,5.0,1.0,1.0,0.46,0.47,173.91,146.0
200,5,92,11301,4.0,2.0,4.0,1.0,1.0,0.43,0.28,132.02,175.2
204,10,300,184838,5.0,4.0,9.0,0.98,0.97,0.56,0.14,10.72,82.6
205,1,2,80,1.0,1.0,1.0,1.0,1.0,1.0,1.0,0.0,60.0
206,9,878,725950,6.0,2.0,9.0,0.98,0.99,0.26,0.04,0.82,59.33
207,3,6,276,3.0,2.0,3.0,1.0,1.0,0.83,0.86,11.46,57.67
208,7,154,43729,7.0,4.0,7.0,0.72,0.35,0.72,0.33,5.01,114.0
209,5,247,217226,4.0,4.0,5.0,1.0,1.0,0.43,0.14,18.16,98.6
211,17,558,331303,6.0,3.0,9.0,1.0,1.0,0.43,0.08,25.95,103.59
213,6,51,13247,4.0,4.0,6.0,1.0,1.0,0.61,0.37,5.34,153.17
214,10,164,59737,6.0,4.0,9.0,0.73,0.35,0.57,0.75,13.51,119.6
215,5,39,7395,2.0,2.0,4.0,0.18,0.05,0.64,0.88,5.55,111.6
220,5,44,9875,5.0,4.0,5.0,1.0,1.0,0.3,0.22,62.06,169.8
221,8,170,49980,5.0,3.0,7.0,0.66,0.72,0.57,0.46,18.71,87.5
222,5,113,69377,3.0,2.0,3.0,0.35,0.3,0.48,0.33,1.08,133.2
223,3,52,21021,2.0,3.0,3.0,1.0,1.0,0.02,0.0,12.48,56.33
224,7,194,79440,4.0,3.0,5.0,0.91,0.91,0.25,0.16,19.2,85.0
225,3,60,18534,3.0,2.0,3.0,0.47,0.41,0.98,1.0,2.01,124.33
226,10,639,811871,4.0,3.0,5.0,0.91,0.98,0.08,0.02,30.24,68.4
227,2,172,120500,1.0,1.0,1.0,0.0,0.0,0.43,0.16,3.01,60.0
239,10,296,198317,4.0,3.0,6.0,1.0,1.0,0.22,0.07,17.53,111.0
240,4,26,7101,3.0,3.0,4.0,1.0,1.0,0.19,0.04,0.25,105.0
241,2,13,2224,2.0,2.0,2.0,1.0,1.0,0.92,0.98,2.7,156.5
308,7,67,20866,5.0,5.0,7.0,0.99,1.0,0.3,0.19,28.96,116.43
310,3,60,33932,2.0,2.0,3.0,0.12,0.01,0.93,0.99,12.42,135.33
311,12,316,148101,7.0,2.0,11.0,1.0,1.0,0.53,0.37,13.12,75.58
312,4,33,2266,4.0,4.0,4.0,0.97,0.95,0.3,0.35,67.69,155.0
313,2,2,112,2.0,2.0,2.0,0.5,0.36,0.5,0.64,0.0,153.5
315,4,22,3107,3.0,3.0,4.0,1.0,1.0,0.73,0.88,0.25,162.25
316,4,17,8468,3.0,3.0,4.0,0.47,0.36,0.53,0.64,0.15,161.25
320,6,62,14187,4.0,4.0,4.0,1.0,1.0,0.55,0.43,0.1,129.0
329,3,36,10365,3.0,2.0,3.0,1.0,1.0,0.69,0.45,0.58,55.0
330,3,48,20049,3.0,1.0,3.0,0.85,0.78,0.27,0.15,3.71,70.0
331,7,68,11975,6.0,6.0,7.0,1.0,1.0,0.31,0.46,1.52,169.86
332,2,29,8781,2.0,2.0,2.0,1.0,1.0,0.48,0.16,0.28,152.5
333,5,9,521,5.0,5.0,5.0,1.0,1.0,0.56,0.62,0.01,131.4
334,3,4,164,3.0,3.0,3.0,1.0,1.0,0.25,0.24,0.05,115.67
335,6,15,1114,4.0,4.0,4.0,0.87,0.76,0.6,0.6,2.24,128.5
336,6,62,24633,5.0,5.0,6.0,1.0,1.0,0.35,0.76,0.16,93.5
337,2,52,9684,2.0,2.0,2.0,1.0,1.0,0.46,0.38,33.06,60.0
338,9,337,141672,6.0,3.0,6.0,1.0,1.0,0.48,0.12,35.23,101.44
339,3,263,232949,3.0,3.0,3.0,1.0,1.0,0.37,0.03,6.76,185.0
341,2,4,225,2.0,2.0,2.0,1.0,1.0,0.5,0.5,0.01,153.0
342,4,173,129549,4.0,3.0,4.0,1.0,1.0,0.4,0.04,17.73,56.25
344,2,120,99777,2.0,2.0,2.0,1.0,1.0,0.36,0.03,5.14,52.5
345,4,56,7771,4.0,3.0,4.0,1.0,1.0,0.57,0.61,7.3,104.0
346,4,78,40362,3.0,3.0,3.0,1.0,1.0,0.38,0.12,5.07,152.25
347,2,19,3791,2.0,1.0,2.0,1.0,1.0,0.68,0.73,0.13,155.5
348,3,53,19747,3.0,2.0,3.0,1.0,1.0,0.49,0.19,0.24,60.0
349,1,4,240,1.0,1.0,1.0,1.0,1.0,1.0,1.0,4.84,60.0
352,15,160,40850,2.0,1.0,8.0,1.0,1.0,0.59,0.32,0.69,58.53
353,23,3200,2268341,6.0,4.0,15.0,0.09,0.06,0.38,0.3,14.38,73.43
354,9,76,24321,3.0,1.0,5.0,0.78,0.78,0.3,0.17,6.21,63.56
355,13,106,19091,6.0,6.0,9.0,0.89,0.84,0.24,0.16,5.44,108.62
356,25,490,179990,4.0,2.0,19.0,0.89,0.86,0.35,0.13,24.12,70.88
357,19,607,510175,5.0,4.0,12.0,0.58,0.4,0.2,0.03,4.26,73.32
358,9,42,2727,3.0,2.0,5.0,1.0,1.0,0.48,0.56,0.25,78.78
359,5,192,91143,3.0,4.0,4.0,0.08,0.04,0.57,0.75,14.79,137.4
360,5,28,3576,3.0,4.0,4.0,1.0,1.0,0.89,0.97,4.44,175.4
361,10,191,93784,4.0,4.0,8.0,0.35,0.13,0.68,0.83,5.59,69.1
362,6,129,19499,4.0,4.0,6.0,0.13,0.09,0.09,0.05,26.5,97.33
363,7,52,3997,4.0,4.0,5.0,0.56,0.68,0.73,0.79,7.6,90.43
364,12,294,129215,5.0,2.0,11.0,0.91,0.97,0.21,0.06,32.44,80.58
365,12,487,250130,4.0,3.0,7.0,0.73,0.46,0.52,0.62,29.39,78.17
366,9,182,85896,3.0,3.0,4.0,0.99,1.0,0.46,0.12,0.7,69.0
367,13,536,267979,5.0,6.0,8.0,0.97,1.0,0.38,0.14,35.18,82.31
368,14,212,69643,6.0,4.0,11.0,1.0,1.0,0.44,0.16,5.85,78.5
369,9,255,183288,4.0,3.0,7.0,1.0,1.0,0.19,0.03,16.56,65.44
370,10,273,173571,5.0,4.0,8.0,1.0,1.0,0.3,0.07,4.36,122.7
371,4,274,298967,3.0,2.0,3.0,0.86,0.94,0.86,0.94,23.98,108.0
372,14,523,501860,5.0,5.0,10.0,1.0,1.0,0.4,0.38,3.41,93.93
373,17,1837,1949524,5.0,5.0,11.0,0.84,0.92,0.28,0.09,39.69,71.76
374,4,52,18272,4.0,3.0,4.0,1.0,1.0,0.19,0.11,9.24,101.75
375,12,260,121292,6.0,4.0,9.0,0.99,1.0,0.52,0.27,11.7,88.33
376,8,137,35611,6.0,4.0,7.0,0.55,0.75,0.33,0.18,6.22,134.5
377,17,687,417977,8.0,5.0,12.0,0.99,0.99,0.54,0.24,24.33,96.76
378,10,100,14322,6.0,6.0,8.0,0.99,0.99,0.35,0.28,18.58,122.2
379,10,252,71627,7.0,5.0,9.0,1.0,1.0,0.2,0.09,27.34,118.9
380,7,148,79967,4.0,3.0,6.0,0.63,0.71,0.19,0.07,18.5,94.57
381,14,673,269929,5.0,4.0,9.0,0.43,0.84,0.66,0.19,3.45,108.43
382,14,632,327945,5.0,4.0,9.0,0.39,0.17,0.8,0.9,30.1,101.86
383,9,5001,5570237,4.0,3.0,7.0,0.01,0.0,0.08,0.01,24.35,61.44
384,11,662,302279,4.0,5.0,8.0,0.98,0.99,0.56,0.54,93.55,106.73
386,5,82,24102,4.0,3.0,5.0,0.56,0.66,0.77,0.59,19.13,110.6
387,9,314,102210,5.0,7.0,8.0,0.96,0.99,0.69,0.27,10.85,124.0
388,7,231,136050,5.0,2.0,6.0,0.57,0.2,0.64,0.85,29.73,86.14
389,11,291,169236,5.0,4.0,8.0,1.0,1.0,0.35,0.07,5.39,116.45
390,9,142,50651,3.0,2.0,7.0,0.88,0.87,0.46,0.41,2.78,83.33
391,3,8,913,3.0,3.0,3.0,1.0,1.0,0.75,0.89,0.01,73.0
454,5,61,10037,5.0,4.0,5.0,0.98,0.99,0.75,0.45,13.96,140.2
455,3,8,1492,3.0,3.0,3.0,0.12,0.03,0.75,0.69,2.34,118.33
456,4,44,11165,4.0,3.0,4.0,0.98,0.99,0.43,0.24,4.34,55.25
458,3,44,8050,3.0,3.0,3.0,0.98,0.99,0.84,0.79,1.41,58.0
464,2,2,152,1.0,1.0,1.0,0.0,0.0,0.5,0.5,0.0,56.0
469,8,23,6078,7.0,8.0,8.0,0.91,0.99,0.35,0.07,0.1,159.62
470,3,13,1893,3.0,3.0,3.0,1.0,1.0,0.46,0.46,0.01,73.33
473,3,14,2640,3.0,3.0,3.0,0.14,0.03,0.86,0.97,0.1,210.0
474,3,3,121,3.0,3.0,3.0,1.0,1.0,0.33,0.34,0.0,210.0
475,6,36,9739,6.0,5.0,6.0,0.39,0.15,0.58,0.45,12.73,183.5
476,1,20,1849,1.0,1.0,1.0,1.0,1.0,1.0,1.0,0.32,124.0
477,6,75,20061,6.0,3.0,6.0,0.76,0.69,0.24,0.22,50.12,181.67
478,6,18,793,4.0,4.0,4.0,1.0,1.0,0.56,0.51,48.07,144.5
479,3,631,494543,3.0,1.0,3.0,1.0,1.0,0.39,0.05,166.27,164.67
481,4,251,123802,3.0,3.0,3.0,0.01,0.0,0.5,0.59,18.99,87.0
483,3,35,11646,3.0,2.0,3.0,0.51,0.56,0.74,0.76,3.46,166.33
484,5,372,252476,5.0,3.0,5.0,1.0,1.0,0.39,0.05,92.81,162.8
488,20,9885,10542809,6.0,3.0,8.0,1.0,1.0,0.2,0.01,11.01,124.15
489,15,6131,7325011,3.0,2.0,3.0,1.0,1.0,0.17,0.02,52.97,124.0
490,28,1783,957391,4.0,4.0,4.0,1.0,1.0,0.4,0.19,32.79,120.96
491,6,190,80285,4.0,4.0,4.0,1.0,1.0,0.37,0.15,151.54,156.5
492,6,71,18501,5.0,5.0,5.0,1.0,1.0,0.42,0.26,91.78,150.67
493,7,80,20273,5.0,4.0,6.0,1.0,1.0,0.52,0.5,47.67,147.43
494,6,235,234515,5.0,3.0,6.0,1.0,1.0,0.09,0.02,30.18,158.17
499,5,99,37216,2.0,2.0,4.0,1.0,1.0,0.33,0.56,3.8,73.4
500,1,1,40,1.0,1.0,1.0,1.0,1.0,1.0,1.0,0.0,60.0
623,5,44,11633,4.0,3.0,5.0,1.0,1.0,0.41,0.15,12.69,142.0
649,6,35,11626,6.0,6.0,6.0,1.0,1.0,0.46,0.23,4.06,151.5
741,6,96,50249,6.0,3.0,6.0,1.0,1.0,0.52,0.33,0.29,91.0
1031,4,40,9584,4.0,3.0,4.0,1.0,1.0,0.42,0.19,4.82,58.0
1032,20,1128,564188,10.0,4.0,20.0,1.0,1.0,0.47,0.1,53.0,71.05
1033,41,3849,1497144,18.0,4.0,33.0,1.0,1.0,0.58,0.41,108.7,61.2
1034,23,1101,486332,14.0,3.0,19.0,1.0,1.0,0.49,0.16,145.08,96.39
1035,16,306,67823,10.0,3.0,13.0,1.0,1.0,0.65,0.45,37.69,76.31
1036,10,127,12648,5.0,3.0,10.0,1.0,1.0,0.5,0.23,118.21,83.4
1037,11,287,49675,7.0,1.0,8.0,1.0,1.0,0.62,0.57,44.53,65.82
1038,8,128,20160,6.0,3.0,7.0,1.0,1.0,0.52,0.3,43.91,82.62
1039,17,389,93015,9.0,3.0,14.0,1.0,1.0,0.56,0.26,74.96,93.88
1040,12,176,25753,7.0,3.0,9.0,1.0,1.0,0.56,0.36,30.54,93.42
1041,24,1154,392701,7.0,6.0,14.0,1.0,1.0,0.53,0.23,48.34,82.42
1042,13,2081,1826716,9.0,6.0,13.0,0.99,0.99,0.38,0.03,20.89,78.69
1043,10,1043,554099,6.0,3.0,10.0,0.98,0.99,0.52,0.24,16.84,101.4
1044,15,258,48517,7.0,3.0,11.0,1.0,1.0,0.59,0.41,16.38,64.73
1045,7,67,6298,4.0,3.0,6.0,0.99,1.0,0.75,0.81,45.91,94.43
1046,5,286,97757,4.0,2.0,4.0,1.0,1.0,0.61,0.85,58.86,57.0
1047,6,87,5945,4.0,1.0,6.0,1.0,1.0,0.68,0.66,61.1,65.33
1048,7,123,23209,3.0,1.0,5.0,1.0,1.0,0.61,0.4,34.53,64.57
1049,5,111,21515,3.0,3.0,4.0,1.0,1.0,0.56,0.46,12.51,65.8
1050,23,2559,575104,17.0,4.0,19.0,1.0,1.0,0.81,0.26,26.84,59.09
1051,14,281,71630,8.0,3.0,14.0,1.0,1.0,0.54,0.25,59.51,73.07
1052,20,1074,537857,8.0,4.0,17.0,1.0,1.0,0.47,0.08,148.96,81.4
1053,8,127,45684,3.0,2.0,4.0,0.99,1.0,0.75,0.8,0.13,87.5
1054,14,296,84577,6.0,4.0,10.0,0.88,0.85,0.5,0.29,42.58,73.0
1055,14,313,86301,9.0,4.0,11.0,1.0,1.0,0.47,0.21,28.1,93.71
1056,9,134,31202,6.0,3.0,7.0,0.99,1.0,0.6,0.57,21.99,84.0
1057,9,120,29509,5.0,4.0,8.0,1.0,1.0,0.55,0.32,3.97,105.78
1059,12,145,36263,9.0,6.0,12.0,0.86,0.73,0.57,0.45,11.04,94.0
1060,9,124,21196,6.0,3.0,8.0,1.0,1.0,0.41,0.31,34.99,86.67
1061,10,340,71687,4.0,2.0,6.0,1.0,1.0,0.55,0.57,43.59,82.1
1062,10,267,39163,3.0,2.0,5.0,1.0,1.0,0.64,0.44,72.98,82.4
1063,7,178,48637,5.0,2.0,6.0,1.0,1.0,0.53,0.28,5.24,86.71
1064,15,503,81893,6.0,4.0,9.0,1.0,1.0,0.62,0.7,102.42,82.87
1065,11,194,55846,8.0,6.0,10.0,0.99,1.0,0.58,0.57,4.56,83.82
1066,13,506,100288,5.0,3.0,8.0,1.0,1.0,0.68,0.59,147.42,69.15
1067,10,218,47251,3.0,3.0,6.0,1.0,1.0,0.83,0.86,46.44,84.9
1068,14,441,101773,8.0,1.0,11.0,1.0,1.0,0.5,0.58,99.48,67.43
1069,19,485,89377,7.0,5.0,12.0,1.0,1.0,0.39,0.47,49.04,100.63
1070,17,411,68593,7.0,6.0,11.0,1.0,0.99,0.34,0.52,108.71,95.12
1071,12,403,70672,5.0,2.0,7.0,1.0,1.0,0.61,0.33,89.23,66.67
1072,12,125,24075,6.0,3.0,11.0,1.0,1.0,0.4,0.31,36.39,70.58
1073,10,397,127683,5.0,3.0,7.0,1.0,1.0,0.79,0.69,61.73,80.7
1074,13,300,39640,5.0,4.0,10.0,1.0,1.0,0.57,0.32,153.28,97.77
1075,4,37,7305,3.0,3.0,4.0,1.0,1.0,0.41,0.18,4.89,115.75
1076,13,456,102592,6.0,1.0,8.0,1.0,1.0,0.43,0.19,138.91,71.15
1077,13,249,47132,3.0,2.0,7.0,1.0,1.0,0.76,0.39,53.89,64.77
1078,18,522,63557,6.0,3.0,10.0,1.0,1.0,0.41,0.25,52.42,87.89
1079,8,2646,2251498,4.0,3.0,6.0,1.0,1.0,0.42,0.03,32.6,86.62
1080,14,398,154076,7.0,1.0,10.0,1.0,1.0,0.5,0.13,71.37,82.21
1081,15,559,182616,7.0,3.0,11.0,1.0,1.0,0.51,0.4,59.51,90.93
1082,16,271,55948,10.0,6.0,14.0,1.0,1.0,0.52,0.36,60.0,100.81
1083,16,342,54889,4.0,1.0,8.0,1.0,1.0,0.42,0.25,74.96,63.94
1084,15,334,73071,10.0,3.0,12.0,1.0,1.0,0.52,0.37,32.52,61.2
1085,15,639,114008,4.0,2.0,10.0,1.0,1.0,0.53,0.42,77.85,67.2
1086,10,131,21672,7.0,4.0,8.0,1.0,1.0,0.5,0.37,38.42,103.5
1087,22,1242,509647,8.0,4.0,12.0,1.0,1.0,0.56,0.29,62.82,77.95
1088,3,26,2476,3.0,2.0,3.0,1.0,1.0,0.5,0.48,5.59,50.33
1089,14,313,107710,10.0,6.0,13.0,1.0,1.0,0.5,0.13,68.68,72.29
1090,6,113,11020,5.0,4.0,6.0,1.0,1.0,0.57,0.51,95.06,95.17
1091,9,64,10183,7.0,6.0,7.0,0.98,0.99,0.38,0.26,7.25,136.11
1092,9,83,12795,5.0,4.0,7.0,1.0,1.0,0.58,0.41,3.59,106.44
1093,13,171,31410,7.0,3.0,9.0,1.0,1.0,0.45,0.26,5.24,97.46
1094,21,210,42298,7.0,4.0,10.0,1.0,1.0,0.55,0.41,6.95,73.52
1095,12,96,14799,5.0,6.0,7.0,0.98,0.99,0.35,0.22,11.09,112.58
1096,17,4818,2962769,9.0,7.0,12.0,0.99,1.0,0.53,0.37,68.05,58.35
1142,3,339,251672,3.0,3.0,3.0,1.0,1.0,0.51,0.1,0.39,120.67
1146,2,2,92,2.0,2.0,2.0,1.0,1.0,0.5,0.57,0.0,156.5
1149,2,2,146,2.0,2.0,2.0,0.5,0.27,0.5,0.73,0.0,156.5
1151,2,8,324,2.0,2.0,2.0,1.0,1.0,0.88,0.86,0.0,51.5
1158,2,2,202,2.0,2.0,2.0,0.5,0.26,0.5,0.74,0.0,88.5
1162,3,122,52388,1.0,1.0,1.0,1.0,1.0,0.49,0.29,1.69,123.0
1169,3,3,230,3.0,3.0,3.0,0.67,0.37,0.33,0.63,0.0,118.67
1178,11,131,43883,4.0,3.0,9.0,1.0,1.0,0.56,0.25,23.7,144.18
1180,2,41,13537,2.0,2.0,2.0,0.98,0.98,0.44,0.39,1.38,60.0
1183,3,31,11320,3.0,3.0,3.0,1.0,1.0,0.06,0.01,0.26,185.33
1186,5,5,740,5.0,5.0,5.0,0.8,0.22,0.2,0.78,0.0,170.8
1187,6,32,9719,3.0,3.0,6.0,0.97,0.98,0.38,0.07,0.2,162.83
1194,4,4,199,4.0,4.0,4.0,0.75,0.62,0.25,0.38,0.0,170.25
1196,1,1,576,1.0,1.0,1.0,0.0,0.0,1.0,1.0,0.0,60.0
1209,4,23,3160,4.0,4.0,4.0,1.0,1.0,0.43,0.13,0.07,249.5
1214,1,2,104,1.0,1.0,1.0,1.0,1.0,1.0,1.0,0.02,60.0
1215,4,31,16852,4.0,4.0,4.0,0.97,0.99,0.48,0.38,0.07,153.25
1217,5,168,17887,3.0,3.0,3.0,1.0,1.0,0.98,0.99,0.17,172.8
1221,2,14,7533,2.0,2.0,2.0,0.93,0.99,0.07,0.01,0.15,88.0
1222,2,21,11409,2.0,2.0,2.0,1.0,1.0,0.52,0.34,0.72,153.5
1224,9,222,108070,2.0,1.0,6.0,1.0,1.0,0.53,0.23,4.36,57.89
1225,4,7,344,4.0,4.0,4.0,1.0,1.0,0.57,0.64,19.87,149.25
1226,2,7,396,2.0,2.0,2.0,1.0,1.0,0.43,0.3,0.0,249.5
1227,5,56,20935,4.0,2.0,4.0,1.0,1.0,0.43,0.54,0.13,135.8
1228,4,64,35470,4.0,2.0,4.0,1.0,1.0,0.61,0.65,0.44,102.75
1229,8,193,119690,3.0,3.0,8.0,1.0,1.0,0.56,0.15,3.4,131.0
1245,4,77,10695,2.0,3.0,3.0,1.0,1.0,0.96,0.99,1.16,204.0
1251,7,7,406,3.0,5.0,4.0,0.71,0.49,0.14,0.29,0.0,196.14
1252,7,8,356,3.0,4.0,4.0,1.0,1.0,0.25,0.33,0.0,224.29
1255,9,12,568,4.0,5.0,5.0,1.0,1.0,0.33,0.42,17.51,192.44
1258,13,282,70189,3.0,3.0,8.0,1.0,1.0,0.1,0.07,30.17,190.62
1259,8,44,10501,4.0,4.0,5.0,0.98,0.96,0.86,0.94,8.17,152.88
1260,11,25,4536,5.0,6.0,6.0,1.0,1.0,0.6,0.91,6.03,215.18
1264,5,5,200,2.0,2.0,2.0,1.0,1.0,0.2,0.2,0.0,213.6
1266,10,47,14266,5.0,7.0,8.0,1.0,1.0,0.64,0.61,0.04,180.7
1268,5,5,282,3.0,4.0,4.0,0.8,0.57,0.2,0.43,0.0,212.8
1279,6,15,2229,3.0,4.0,4.0,1.0,1.0,0.67,0.91,0.1,219.33
1280,12,40,12975,5.0,6.0,6.0,1.0,1.0,0.38,0.41,0.02,219.08
1284,11,11,664,6.0,7.0,7.0,0.91,0.61,0.09,0.39,0.0,234.18
1288,7,18,2393,3.0,4.0,4.0,0.94,0.97,0.72,0.92,1.05,197.14
1294,5,299,214627,4.0,5.0,5.0,1.0,1.0,0.49,0.06,0.13,175.0
1300,11,11,460,5.0,6.0,6.0,1.0,1.0,0.09,0.11,0.0,233.73
1309,5,5,217,3.0,4.0,4.0,0.8,0.74,0.2,0.26,0.0,212.8
1321,7,7,325,5.0,6.0,6.0,0.86,0.75,0.14,0.25,0.0,222.43
1328,2,33,9743,2.0,2.0,2.0,1.0,1.0,0.09,0.02,0.28,248.0
1329,8,8,349,3.0,4.0,4.0,0.88,0.8,0.12,0.2,0.0,227.12
1331,7,45,11235,2.0,3.0,5.0,1.0,1.0,0.62,0.42,6.27,139.0
1332,14,68,23535,8.0,5.0,9.0,0.97,0.99,0.25,0.09,4.35,198.14
1333,8,2492,2268801,6.0,4.0,7.0,0.02,0.01,0.2,0.02,3.64,128.75
1338,7,7,325,2.0,3.0,3.0,0.86,0.74,0.14,0.26,0.0,224.57
1339,6,6,297,3.0,4.0,4.0,0.67,0.54,0.17,0.19,0.0,219.67
1340,6,6,280,3.0,4.0,4.0,0.83,0.71,0.17,0.29,0.0,219.83
1341,7,31,16804,2.0,3.0,4.0,1.0,1.0,0.45,0.31,0.11,223.43
1343,5,28,11079,3.0,3.0,4.0,1.0,1.0,0.57,0.3,0.74,185.0
1344,11,141,48779,3.0,3.0,9.0,1.0,1.0,0.56,0.32,5.28,144.91
1345,4,34,12711,2.0,3.0,3.0,1.0,1.0,0.71,0.59,0.08,156.0
1346,6,36,16863,3.0,3.0,3.0,1.0,1.0,0.5,0.39,0.42,219.5
1349,4,47,13926,3.0,2.0,3.0,1.0,1.0,0.26,0.08,12.88,202.25
1352,4,236,109600,3.0,4.0,4.0,1.0,1.0,0.5,0.78,21.0,156.0
1353,12,398,149011,4.0,4.0,9.0,1.0,1.0,0.47,0.7,33.98,170.0
1354,16,124,42403,6.0,4.0,12.0,1.0,1.0,0.47,0.21,0.89,153.81
1365,4,4,257,3.0,4.0,4.0,0.75,0.48,0.25,0.52,0.0,202.0
1366,4,4,271,3.0,4.0,4.0,0.75,0.44,0.25,0.56,0.0,204.25
1367,2,2,300,2.0,2.0,2.0,0.5,0.13,0.5,0.87,0.0,156.0
1371,6,46,1880,4.0,4.0,4.0,1.0,1.0,0.85,0.83,1.5,198.83
1404,6,6,312,3.0,5.0,5.0,0.83,0.64,0.17,0.36,0.0,220.33
1429,7,8,340,3.0,4.0,4.0,1.0,1.0,0.12,0.12,0.02,224.57
1430,2,2,100,2.0,2.0,2.0,0.5,0.4,0.5,0.6,0.0,156.0
1444,5,5,285,4.0,4.0,4.0,0.8,0.59,0.2,0.41,0.0,212.2
1451,8,43,12616,5.0,5.0,7.0,1.0,1.0,0.63,0.36,3.88,187.25
1456,7,15,7068,4.0,4.0,4.0,0.87,0.99,0.07,0.01,0.04,223.43
1462,3,3,200,3.0,3.0,3.0,0.67,0.4,0.33,0.6,0.0,188.33
1469,7,33,14439,2.0,3.0,4.0,1.0,1.0,0.36,0.23,0.58,206.57
1472,10,11,1711,6.0,7.0,7.0,0.91,0.98,0.18,0.79,0.0,192.7
1473,6,90,11718,2.0,3.0,3.0,1.0,1.0,0.94,0.98,0.51,220.0
1475,2,2,112,2.0,2.0,2.0,0.5,0.36,0.5,0.64,0.0,156.0
1491,5,5,200,2.0,3.0,3.0,1.0,1.0,0.2,0.2,0.0,213.6
1502,1,1,40,1.0,1.0,1.0,1.0,1.0,1.0,1.0,0.0,60.0
1505,5,90,9603,3.0,4.0,4.0,1.0,1.0,0.96,0.98,10.83,213.6
1510,4,4,215,4.0,4.0,4.0,0.5,0.39,0.25,0.28,0.0,202.5
1521,4,4,197,4.0,4.0,4.0,0.75,0.63,0.25,0.37,0.0,203.5
1523,5,19,2671,3.0,3.0,3.0,1.0,1.0,0.84,0.96,0.44,175.4
1524,6,30,10876,3.0,3.0,3.0,1.0,1.0,0.43,0.2,1.67,220.17
1528,5,9,405,5.0,5.0,5.0,0.89,0.82,0.11,0.18,15.07,130.8
1534,5,22,1771,4.0,4.0,4.0,0.95,0.93,0.41,0.2,0.05,250.4
1564,3,3,190,2.0,3.0,2.0,0.33,0.21,0.33,0.47,0.0,119.0
1571,10,10,932,5.0,6.0,6.0,0.9,0.39,0.1,0.61,0.0,211.6
1590,2,2,117,2.0,2.0,2.0,0.5,0.34,0.5,0.66,0.0,156.0
1594,6,6,256,4.0,4.0,4.0,0.83,0.78,0.17,0.22,0.0,187.33
1595,6,40,17502,3.0,3.0,4.0,1.0,1.0,0.35,0.09,6.19,164.17
1598,5,5,310,2.0,2.0,2.0,0.8,0.52,0.2,0.48,0.0,213.6
1599,5,18,1739,4.0,4.0,4.0,0.94,0.75,0.39,0.16,0.02,212.8
1600,7,7,353,3.0,3.0,3.0,0.86,0.69,0.14,0.31,0.0,224.71
1602,5,6,287,3.0,3.0,3.0,1.0,1.0,0.17,0.3,0.0,213.8
1604,3,3,392,3.0,3.0,3.0,0.67,0.2,0.33,0.8,0.0,188.33
1605,6,6,311,5.0,5.0,5.0,0.83,0.67,0.17,0.33,0.0,117.83
1617,2,2,300,2.0,2.0,2.0,0.5,0.13,0.5,0.87,0.0,156.0
1622,4,4,273,2.0,2.0,2.0,0.75,0.44,0.25,0.56,0.0,204.0
1631,8,56,17472,7.0,5.0,8.0,0.98,1.0,0.46,0.15,15.79,176.75
1634,3,54,22382,1.0,1.0,2.0,1.0,1.0,0.37,0.23,33.51,121.67
1640,7,7,304,6.0,7.0,6.0,1.0,1.0,0.14,0.17,0.0,223.0
1645,4,4,186,4.0,4.0,4.0,0.75,0.65,0.25,0.35,0.0,202.0
1669,3,3,165,3.0,3.0,3.0,0.67,0.48,0.33,0.52,0.0,186.67
1670,11,24,6565,7.0,8.0,8.0,0.96,0.99,0.54,0.93,0.55,202.82
1676,5,5,200,3.0,3.0,3.0,1.0,1.0,0.2,0.2,0.0,212.6
1677,9,11,498,6.0,6.0,6.0,0.91,0.88,0.18,0.2,1.01,171.44
1678,15,48,15218,7.0,7.0,8.0,1.0,1.0,0.44,0.47,0.29,216.13
1681,6,6,670,3.0,3.0,3.0,0.83,0.3,0.17,0.7,0.0,219.33
1688,10,11,456,6.0,6.0,6.0,1.0,1.0,0.18,0.18,0.04,193.0
1693,7,23,6460,4.0,5.0,5.0,1.0,1.0,0.74,0.96,0.48,224.29
1696,9,22,1519,4.0,4.0,5.0,0.95,0.96,0.36,0.22,0.01,228.44
1704,7,18,2763,3.0,4.0,4.0,1.0,1.0,0.67,0.91,0.04,224.86
1709,4,4,182,4.0,4.0,4.0,0.75,0.66,0.25,0.34,0.0,202.25
1715,4,4,230,3.0,3.0,3.0,0.75,0.52,0.25,0.48,0.0,203.75
1716,6,23,2733,6.0,6.0,6.0,0.96,0.94,0.43,0.19,0.12,183.33
1720,5,28,8195,3.0,3.0,4.0,1.0,1.0,0.86,0.98,0.07,210.6
1724,9,9,509,5.0,6.0,5.0,0.78,0.57,0.11,0.3,0.0,230.22
1734,5,5,320,5.0,5.0,5.0,0.6,0.39,0.2,0.39,0.0,146.0
1736,5,5,220,4.0,4.0,4.0,1.0,1.0,0.2,0.24,0.0,131.4
1748,6,6,284,4.0,4.0,4.0,0.83,0.72,0.17,0.28,0.0,184.67
1751,6,62,28686,4.0,3.0,6.0,1.0,1.0,0.47,0.12,7.76,142.17
1753,6,7,347,5.0,5.0,5.0,1.0,1.0,0.29,0.39,0.0,151.17
1757,6,28,8842,4.0,4.0,4.0,1.0,1.0,0.43,0.24,1.32,220.0
1758,7,99,15417,3.0,3.0,3.0,1.0,1.0,0.8,0.53,0.19,223.57
1767,7,282,222396,3.0,3.0,3.0,1.0,1.0,0.41,0.17,1.25,223.0
1768,2,2,134,2.0,2.0,2.0,0.5,0.3,0.5,0.7,0.0,156.0
1769,7,7,500,4.0,5.0,5.0,0.86,0.48,0.14,0.52,0.0,224.29
1774,3,3,145,3.0,3.0,3.0,0.67,0.55,0.33,0.45,0.0,186.67
1787,6,45,11595,4.0,3.0,6.0,1.0,1.0,0.67,0.33,24.25,131.67
1788,7,7,403,4.0,5.0,5.0,0.86,0.65,0.14,0.35,0.0,194.71
1790,6,9,420,4.0,4.0,4.0,1.0,1.0,0.44,0.52,0.01,218.5
1797,5,98,11714,2.0,2.0,2.0,1.0,1.0,0.96,0.99,8.43,213.6
1800,8,8,856,2.0,3.0,3.0,0.88,0.33,0.12,0.67,0.0,227.75
1803,1,1,40,1.0,1.0,1.0,1.0,1.0,1.0,1.0,0.0,60.0
1823,6,60,15573,4.0,3.0,4.0,1.0,1.0,0.95,0.99,16.94,121.5
1829,3,4,180,1.0,3.0,3.0,1.0,1.0,0.25,0.22,0.04,188.33
1847,4,4,223,4.0,4.0,4.0,0.75,0.54,0.25,0.46,0.0,201.5
1855,6,15,7155,6.0,6.0,6.0,0.93,0.99,0.07,0.01,0.02,218.33
1862,5,5,245,5.0,5.0,5.0,0.8,0.67,0.2,0.33,0.0,185.0
1873,4,4,380,4.0,4.0,4.0,0.75,0.32,0.25,0.68,0.0,203.75
1883,3,16,5229,3.0,3.0,3.0,1.0,1.0,0.88,0.98,0.11,119.33
1890,3,471,208865,3.0,3.0,3.0,1.0,1.0,0.44,0.08,1.71,182.67
1896,4,19,4074,4.0,4.0,4.0,1.0,1.0,0.84,0.97,3.8,119.5
1897,3,3,145,3.0,3.0,3.0,0.67,0.58,0.33,0.42,0.0,184.0
1898,5,403,563149,4.0,4.0,5.0,1.0,1.0,0.02,0.0,0.23,248.4
1908,4,4,214,3.0,3.0,4.0,0.5,0.41,0.5,0.59,0.0,153.0
1917,2,2,128,2.0,2.0,2.0,0.5,0.31,0.5,0.69,0.0,156.5
1920,2,3,167,2.0,2.0,2.0,1.0,1.0,0.33,0.52,0.0,156.5
1925,2,26,7779,2.0,2.0,2.0,1.0,1.0,0.54,0.18,0.13,156.5
1932,2,28,10970,2.0,1.0,2.0,1.0,1.0,0.57,0.26,27.48,155.5
1934,4,670,580652,4.0,4.0,4.0,1.0,1.0,0.42,0.03,0.17,151.75
1964,1,23,13910,1.0,1.0,1.0,1.0,1.0,0.57,0.48,0.85,60.0
1965,4,4,550,4.0,4.0,4.0,0.75,0.22,0.25,0.78,0.0,203.25
1967,2,11,440,2.0,2.0,2.0,1.0,1.0,0.91,0.91,0.0,57.5
1968,10,86,27802,6.0,3.0,8.0,1.0,1.0,0.42,0.16,16.78,134.8
1969,4,20,4009,4.0,4.0,4.0,1.0,1.0,0.85,0.97,15.18,203.5
1970,3,3,185,3.0,3.0,3.0,0.67,0.52,0.33,0.48,0.0,120.67
1971,3,3,143,3.0,3.0,3.0,0.67,0.59,0.33,0.41,0.0,185.0
1972,5,5,244,5.0,5.0,5.0,0.8,0.7,0.2,0.3,0.0,173.2
1977,3,15,2289,2.0,2.0,3.0,1.0,1.0,0.87,0.97,2.16,186.33
1981,3,15,5698,2.0,3.0,2.0,1.0,1.0,0.87,0.98,0.07,188.67
1982,4,40,20878,2.0,2.0,2.0,0.98,1.0,0.45,0.28,1.21,152.0
1983,3,28,4717,3.0,3.0,3.0,1.0,1.0,0.46,0.11,0.1,177.0
1984,6,6,290,5.0,5.0,5.0,0.83,0.7,0.17,0.3,0.0,182.17
1992,3,3,179,3.0,3.0,3.0,0.67,0.47,0.33,0.53,0.0,185.0
1995,3,3,164,3.0,3.0,3.0,0.33,0.24,0.33,0.34,0.0,116.0
1999,3,3,168,3.0,3.0,3.0,0.67,0.48,0.33,0.52,0.0,186.67
2005,10,66,30031,6.0,7.0,10.0,1.0,1.0,0.26,0.15,11.23,229.0
2012,6,6,273,4.0,5.0,5.0,0.83,0.73,0.17,0.27,0.0,215.67
2013,2,11,491,2.0,2.0,2.0,0.91,0.81,0.09,0.19,0.1,58.5
2024,4,4,164,4.0,4.0,4.0,1.0,1.0,0.25,0.24,0.0,201.0
2025,4,39,17686,3.0,3.0,3.0,1.0,1.0,0.38,0.29,0.09,151.5
2038,3,3,660,3.0,3.0,3.0,0.67,0.13,0.33,0.87,0.0,188.0
2041,3,97,52683,2.0,1.0,3.0,1.0,1.0,0.87,0.86,50.02,122.0
2049,5,93,23905,3.0,3.0,5.0,1.0,1.0,0.47,0.22,0.2,210.6
2052,9,135,53030,4.0,4.0,7.0,0.99,1.0,0.63,0.4,4.09,114.44
2053,5,96,15599,3.0,2.0,3.0,1.0,1.0,0.82,0.52,12.29,208.2
2054,2,40,15885,1.0,1.0,1.0,1.0,1.0,0.42,0.46,0.17,153.0
2055,15,274,71262,6.0,5.0,11.0,1.0,1.0,0.71,0.23,5.01,109.07
2057,2,43,9263,1.0,1.0,2.0,1.0,1.0,1.0,1.0,0.18,60.0
2073,1,33,4928,1.0,1.0,1.0,1.0,1.0,1.0,1.0,11.69,60.0
2086,2,24,2431,2.0,1.0,2.0,1.0,1.0,1.0,1.0,30.55,60.0
2090,1,1,94,1.0,1.0,1.0,0.0,0.0,1.0,1.0,0.0,60.0
2094,3,3,193,3.0,3.0,3.0,0.67,0.41,0.33,0.59,0.0,186.67
2109,2,147,104579,2.0,2.0,2.0,1.0,1.0,0.51,0.14,0.59,154.5
2110,4,4,176,4.0,4.0,4.0,1.0,1.0,0.25,0.3,0.0,201.5
2116,2,2,179,2.0,2.0,2.0,0.5,0.25,0.5,0.75,0.0,151.0
2125,4,243,163443,4.0,3.0,4.0,1.0,1.0,0.51,0.06,0.76,58.5
2126,3,3,218,3.0,3.0,3.0,0.67,0.42,0.33,0.58,0.0,120.67
2131,2,163,49029,2.0,2.0,2.0,1.0,1.0,0.33,0.14,0.72,154.0
2136,4,4,245,3.0,4.0,4.0,0.75,0.49,0.25,0.16,0.0,203.5
2143,3,3,134,2.0,3.0,2.0,0.33,0.33,0.33,0.44,0.0,118.33
2145,3,3,230,3.0,3.0,3.0,0.67,0.37,0.33,0.63,0.0,145.0
2146,9,72,17214,5.0,5.0,7.0,0.97,0.99,0.61,0.1,7.05,106.33
2155,3,3,144,2.0,2.0,2.0,1.0,1.0,0.33,0.36,0.0,185.0
2158,4,4,384,3.0,4.0,4.0,0.75,0.32,0.25,0.68,0.0,152.25
2170,6,6,277,5.0,6.0,6.0,0.67,0.61,0.17,0.21,0.0,185.5
2177,3,18,1438,3.0,3.0,3.0,1.0,1.0,0.44,0.22,0.12,250.0
2180,3,3,195,3.0,3.0,3.0,0.67,0.68,0.33,0.32,0.0,187.67
2182,3,21,8454,3.0,2.0,3.0,1.0,1.0,0.05,0.0,10.68,187.33
2190,5,102,36378,4.0,4.0,4.0,1.0,1.0,0.48,0.19,0.57,171.6
2191,2,23,7971,2.0,2.0,2.0,1.0,1.0,0.96,0.99,1.4,156.5
2204,3,31,12821,3.0,3.0,3.0,1.0,1.0,0.55,0.45,0.71,143.0
2206,5,84,38177,3.0,3.0,5.0,1.0,1.0,0.71,0.38,0.44,136.2
2207,2,76,31539,1.0,1.0,2.0,1.0,1.0,0.14,0.13,8.54,152.0
2213,1,30,8347,1.0,1.0,1.0,1.0,1.0,1.0,1.0,2.93,60.0
2218,6,85,44100,2.0,2.0,5.0,1.0,1.0,0.02,0.0,9.17,183.83
2220,2,16,4196,2.0,2.0,2.0,1.0,1.0,0.94,0.99,0.19,152.0
2224,2,2,127,2.0,2.0,2.0,0.5,0.31,0.5,0.69,0.0,154.5
2225,2,56,8582,2.0,2.0,2.0,1.0,1.0,0.98,1.0,0.19,154.5
2229,4,41,23404,4.0,4.0,4.0,0.98,1.0,0.49,0.26,0.06,153.25
2231,9,85,14908,5.0,3.0,9.0,1.0,1.0,0.8,0.63,2.03,85.67
2232,5,10,530,4.0,4.0,4.0,0.8,0.82,0.4,0.44,0.0,147.8
2234,3,27,9770,2.0,3.0,3.0,1.0,1.0,0.56,0.38,1.68,185.67
2238,4,29,10238,3.0,2.0,4.0,1.0,1.0,0.69,0.29,29.47,119.25
2239,3,27,8357,3.0,2.0,3.0,1.0,1.0,0.37,0.09,46.66,186.0
2241,4,24,8507,4.0,2.0,4.0,1.0,1.0,0.21,0.04,14.85,73.0
2244,10,95,33294,6.0,5.0,10.0,0.98,1.0,0.71,0.57,1.34,107.1
2245,3,32,19862,2.0,2.0,2.0,1.0,1.0,0.59,0.63,0.13,142.0
2249,1,15,7164,1.0,1.0,1.0,1.0,1.0,1.0,1.0,0.36,60.0
2252,3,16,7454,2.0,1.0,2.0,0.19,0.02,0.5,0.41,0.02,122.0
2253,4,4,172,2.0,4.0,4.0,1.0,1.0,0.25,0.3,0.0,204.75
2255,7,23,2732,3.0,5.0,7.0,1.0,1.0,0.78,0.93,1.2,178.43
2265,1,1,83,1.0,1.0,1.0,1.0,1.0,1.0,1.0,0.0,60.0
2266,6,834,632388,5.0,4.0,5.0,1.0,1.0,0.48,0.07,31.42,91.83
2269,10,230,131958,7.0,7.0,9.0,1.0,1.0,0.45,0.13,0.32,170.7
2271,2,9,720,2.0,2.0,2.0,0.89,0.64,0.56,0.6,5.36,60.0
2272,9,9,456,5.0,7.0,6.0,0.78,0.66,0.11,0.2,0.0,206.56
2273,2,4,293,2.0,2.0,2.0,1.0,1.0,0.75,0.85,8.07,52.5
2275,9,9,438,6.0,8.0,8.0,0.89,0.77,0.11,0.23,0.0,227.56
2276,4,4,172,3.0,3.0,3.0,1.0,1.0,0.25,0.3,0.0,200.75
2279,3,24,3841,3.0,3.0,3.0,0.96,0.98,0.96,0.99,20.22,124.33
2284,7,7,363,6.0,7.0,6.0,0.86,0.76,0.14,0.24,0.0,193.14
2292,3,28,10407,3.0,3.0,3.0,1.0,1.0,0.46,0.25,20.26,186.0
2295,3,3,151,3.0,3.0,3.0,0.67,0.53,0.33,0.47,0.0,184.33
2300,5,5,311,3.0,4.0,4.0,0.8,0.54,0.2,0.46,0.0,208.0
2301,11,203,243771,8.0,8.0,9.0,1.0,1.0,0.09,0.02,0.34,178.55
2302,8,45,20594,6.0,6.0,8.0,1.0,1.0,0.31,0.27,3.41,179.75
2304,7,36,10845,5.0,6.0,7.0,1.0,1.0,0.5,0.27,8.81,167.0
2306,7,7,366,4.0,5.0,5.0,1.0,1.0,0.29,0.45,0.0,194.86
2308,2,6,393,2.0,2.0,2.0,1.0,1.0,0.83,0.9,0.76,154.5
2311,5,23,3610,3.0,2.0,4.0,1.0,1.0,0.96,0.99,3.74,58.8
2313,3,3,187,3.0,3.0,3.0,1.0,1.0,0.33,0.44,0.0,120.67
2314,4,4,203,4.0,4.0,4.0,1.0,1.0,0.25,0.41,0.0,199.75
2317,4,12,484,4.0,4.0,4.0,1.0,1.0,0.75,0.74,0.0,202.5
2332,6,21,4432,4.0,6.0,6.0,1.0,1.0,0.76,0.95,0.08,116.83
2333,2,57,20560,2.0,2.0,2.0,1.0,1.0,0.32,0.25,1.51,156.5
2335,3,3,138,2.0,3.0,2.0,0.33,0.32,0.33,0.44,0.0,121.67
2339,6,25,2437,5.0,4.0,5.0,1.0,1.0,0.88,0.95,4.0,154.83
2340,8,199,109259,4.0,4.0,6.0,0.99,1.0,0.32,0.09,0.42,151.62
2341,6,103,67044,4.0,3.0,6.0,1.0,1.0,0.42,0.73,13.01,186.33
2342,7,79,30698,4.0,6.0,5.0,0.97,1.0,0.44,0.43,0.14,140.14
2343,5,21,2073,5.0,4.0,5.0,1.0,1.0,0.76,0.89,0.06,173.2
2344,3,3,231,3.0,3.0,3.0,0.67,0.35,0.33,0.65,0.0,187.0
2353,3,119,83913,3.0,3.0,3.0,0.97,0.98,0.5,0.05,0.04,59.0
2355,7,151,35015,3.0,2.0,6.0,0.92,0.85,0.42,0.53,13.78,73.71
2356,3,34,10201,2.0,2.0,3.0,0.97,0.99,0.03,0.01,40.87,184.33
2358,39,915,428868,23.0,3.0,31.0,0.98,0.98,0.47,0.18,16.78,94.03
2359,2,16,5610,2.0,2.0,2.0,0.06,0.01,0.38,0.45,0.07,52.5
2360,7,224,169124,5.0,3.0,6.0,1.0,1.0,0.36,0.06,14.25,140.57
2367,7,22,4144,5.0,6.0,6.0,0.55,0.26,0.32,0.21,1.08,200.0
2368,2,5,425,2.0,2.0,2.0,0.8,0.55,0.4,0.24,0.09,154.5
2369,3,3,150,2.0,3.0,3.0,0.67,0.59,0.33,0.41,0.0,184.67
2374,5,157,106125,3.0,4.0,5.0,0.13,0.03,0.99,1.0,25.88,135.4
2375,5,14,1188,4.0,5.0,5.0,1.0,1.0,0.64,0.81,10.71,180.4
2378,7,220,37549,4.0,3.0,6.0,1.0,1.0,0.66,0.62,45.25,119.0
2379,6,49,20675,3.0,3.0,6.0,0.39,0.22,0.59,0.4,12.93,100.5
2380,9,67,41708,4.0,6.0,8.0,0.37,0.13,0.75,0.92,5.93,155.33
2381,8,149,22459,6.0,6.0,7.0,1.0,1.0,0.56,0.61,17.03,116.5
2383,4,3885,4820474,2.0,3.0,4.0,0.0,0.0,0.0,0.0,18.83,164.5
2384,4,83,12225,3.0,3.0,3.0,1.0,1.0,0.53,0.6,2.85,54.5
2409,4,44,4440,3.0,3.0,4.0,1.0,1.0,0.41,0.57,0.29,116.25
2410,4,430,61156,2.0,3.0,3.0,0.0,0.0,0.99,1.0,85.37,164.5
2413,21,1712,682081,8.0,7.0,16.0,0.14,0.08,0.76,0.66,22.8,90.48
2414,11,112,29057,4.0,4.0,9.0,0.78,0.58,0.52,0.61,17.33,134.64
2415,15,1209,948289,6.0,4.0,12.0,0.57,0.5,0.22,0.03,6.1,105.33
2416,34,831,220921,15.0,4.0,33.0,0.99,0.98,0.59,0.29,18.75,83.91
2417,30,2077,1193787,16.0,6.0,25.0,0.49,0.34,0.2,0.23,40.53,77.67
2418,10,276,257366,6.0,4.0,8.0,0.19,0.02,0.13,0.03,4.16,126.3
2488,26,615,255812,14.0,4.0,19.0,1.0,1.0,0.55,0.18,36.11,125.62
2489,11,368,275244,7.0,2.0,7.0,0.99,1.0,0.36,0.06,51.77,100.82
2490,23,460,278289,15.0,4.0,17.0,0.97,0.98,0.41,0.12,63.01,126.13
2491,10,470,329980,5.0,2.0,8.0,0.28,0.09,0.33,0.06,18.32,111.6
2492,6,85,6081,4.0,5.0,6.0,1.0,1.0,0.95,0.97,51.77,210.0
2493,8,619,522037,5.0,5.0,8.0,1.0,1.0,0.39,0.03,34.17,172.62
2495,6,154,107426,5.0,2.0,6.0,0.99,1.0,0.31,0.08,54.19,112.5
2496,5,37,12387,4.0,4.0,5.0,1.0,1.0,0.49,0.36,25.32,198.8
2497,7,251,73739,4.0,1.0,7.0,0.86,0.69,0.65,0.49,171.39,120.43
2498,18,4584,4334599,14.0,3.0,15.0,1.0,1.0,0.33,0.02,46.87,108.39
2499,14,346,175633,8.0,2.0,11.0,1.0,1.0,0.32,0.12,47.22,116.5
2500,18,2498,1947377,7.0,2.0,14.0,0.22,0.16,0.37,0.14,62.03,139.61
2501,2,22,14043,2.0,2.0,2.0,0.95,1.0,0.95,1.0,45.62,91.0
2502,5,108,6910,3.0,3.0,5.0,1.0,1.0,0.28,0.26,172.68,169.2
2503,8,80,16102,4.0,2.0,8.0,1.0,1.0,0.61,0.46,106.38,129.38
2504,4,29,2128,3.0,1.0,4.0,1.0,1.0,0.45,0.5,23.78,103.25
2505,7,166,71693,5.0,4.0,7.0,1.0,1.0,0.58,0.3,93.34,151.0
2508,14,336,110621,5.0,4.0,8.0,1.0,1.0,0.06,0.03,22.2,83.79
2517,5,15,4664,5.0,5.0,5.0,0.8,0.97,0.2,0.03,0.51,143.2
2518,14,131,32649,6.0,8.0,13.0,0.74,0.76,0.47,0.67,7.33,138.64
2519,5,123,37692,2.0,2.0,5.0,0.17,0.07,0.85,0.76,40.91,60.0
2520,6,590,308095,4.0,4.0,6.0,0.11,0.02,0.45,0.2,9.25,89.33
2523,4,30,9398,4.0,3.0,4.0,1.0,1.0,0.27,0.09,0.59,106.0
2524,8,1066,1061901,5.0,3.0,7.0,0.07,0.06,0.18,0.04,4.21,114.88
2525,8,128,52255,6.0,6.0,8.0,0.7,0.24,0.33,0.77,5.13,137.88
2526,6,72,26160,5.0,4.0,5.0,1.0,1.0,0.54,0.46,0.75,119.83
2548,3,40,11133,3.0,2.0,3.0,1.0,1.0,0.72,0.35,1.76,188.0
2549,10,172,37507,7.0,5.0,9.0,1.0,1.0,0.23,0.15,24.03,123.1
2550,5,75,18053,4.0,1.0,5.0,1.0,1.0,0.52,0.27,5.18,59.6
2551,10,64,10978,6.0,3.0,8.0,0.98,0.98,0.73,0.66,5.93,97.6
2552,4,15,885,3.0,2.0,4.0,1.0,1.0,0.33,0.37,0.04,106.5
2553,8,86,11676,5.0,5.0,7.0,1.0,1.0,0.52,0.58,3.01,163.0
2554,23,923,560468,7.0,4.0,11.0,0.94,0.97,0.5,0.07,39.15,64.61
2555,53,3362,2894643,27.0,4.0,47.0,0.38,0.2,0.29,0.11,21.06,84.45
2558,3,47,30337,3.0,3.0,3.0,1.0,1.0,0.43,0.16,0.12,187.33
2559,5,42,3471,4.0,2.0,4.0,1.0,1.0,0.33,0.44,56.96,141.8
2561,3,12,1156,2.0,2.0,3.0,1.0,1.0,0.75,0.85,1.32,124.33
2562,4,17,1694,4.0,4.0,4.0,1.0,1.0,0.47,0.64,22.58,111.75
2564,2,21,4817,1.0,1.0,1.0,1.0,1.0,0.9,0.97,0.21,59.0
2565,17,202,103398,9.0,7.0,13.0,0.73,0.55,0.49,0.48,6.82,96.71
2566,1,19,6728,1.0,1.0,1.0,1.0,1.0,0.58,0.31,0.18,60.0
2569,10,49,6129,6.0,6.0,9.0,1.0,1.0,0.69,0.8,6.64,83.6
2571,4,8,814,4.0,4.0,4.0,1.0,1.0,0.62,0.84,0.09,116.5
2572,5,26,3240,4.0,3.0,5.0,1.0,1.0,0.88,0.96,1.87,134.4
2574,12,100,27140,7.0,7.0,10.0,1.0,1.0,0.57,0.49,20.17,137.67
2575,9,40,10622,7.0,5.0,7.0,0.78,0.69,0.62,0.49,1.45,144.22
2576,5,5,475,5.0,4.0,5.0,0.4,0.19,0.6,0.81,0.0,109.8
2577,3,31,8186,3.0,3.0,3.0,1.0,1.0,0.48,0.24,0.09,58.33
2579,3,13,793,3.0,3.0,3.0,1.0,1.0,0.54,0.51,0.03,186.67
2580,6,16,800,5.0,4.0,6.0,1.0,1.0,0.81,0.84,0.01,121.83
2581,2,20,8665,2.0,2.0,2.0,0.05,0.01,0.35,0.34,0.06,52.5
2582,16,169,69289,8.0,5.0,10.0,0.54,0.24,0.27,0.07,7.58,91.25
2587,10,90,25770,5.0,3.0,6.0,0.8,0.75,0.5,0.27,16.49,77.9
2588,3,4,230,3.0,3.0,3.0,0.75,0.75,0.5,0.56,0.02,118.33
2589,6,42,9424,5.0,6.0,6.0,0.98,0.96,0.29,0.15,0.15,121.0
2590,5,40,8606,4.0,5.0,5.0,1.0,1.0,0.48,0.25,0.06,130.8
2591,6,23,2127,3.0,4.0,5.0,1.0,1.0,0.74,0.85,0.01,127.17
2592,3,15,883,3.0,3.0,3.0,1.0,1.0,0.4,0.45,0.06,186.0
2594,4,4,178,2.0,4.0,4.0,0.75,0.67,0.25,0.33,0.0,204.75
2596,1,4,256,1.0,1.0,1.0,1.0,1.0,0.5,0.5,0.05,60.0
2597,1,6,386,1.0,1.0,1.0,1.0,1.0,0.5,0.49,0.04,60.0
2601,6,14,1944,5.0,5.0,6.0,1.0,1.0,0.14,0.07,0.02,160.17
2603,1,1,40,1.0,1.0,1.0,1.0,1.0,1.0,1.0,0.0,60.0
2604,3,11,2084,2.0,2.0,2.0,1.0,1.0,0.91,0.98,0.04,58.33
2611,5,45,4062,3.0,3.0,4.0,0.13,0.08,0.49,0.4,113.95,142.6
2612,4,27,1740,4.0,4.0,4.0,0.11,0.08,0.44,0.4,68.95,153.5
2613,1,1,52,1.0,1.0,1.0,1.0,1.0,1.0,1.0,0.0,60.0
2617,3,22,3114,1.0,1.0,3.0,0.45,0.71,0.45,0.71,92.04,70.67
2618,3,21,5696,2.0,2.0,3.0,0.57,0.46,0.95,0.99,1.34,58.67
2621,4,97,50199,2.0,2.0,3.0,0.12,0.07,0.3,0.1,150.33,64.25
2622,6,20,4868,6.0,5.0,6.0,0.45,0.8,0.05,0.04,37.65,157.5
2623,3,14,858,3.0,2.0,3.0,1.0,1.0,0.43,0.44,14.94,198.0
2625,7,51,7598,7.0,5.0,7.0,0.25,0.54,0.43,0.21,40.77,165.57
2626,4,7,316,3.0,3.0,3.0,1.0,1.0,0.71,0.75,0.01,155.0
2628,3,4,216,3.0,3.0,3.0,1.0,1.0,0.5,0.59,0.02,183.33
2632,3,32,9608,2.0,3.0,3.0,1.0,1.0,0.72,0.41,0.3,122.33
2633,4,113,13213,2.0,2.0,3.0,0.04,0.03,0.98,0.99,72.79,68.0
2634,8,248,100359,4.0,2.0,7.0,0.22,0.13,0.78,0.71,89.65,63.12
2635,9,139,18462,6.0,5.0,9.0,0.99,0.99,0.69,0.53,35.01,130.89
2637,5,68,51773,3.0,4.0,5.0,0.43,0.18,0.22,0.04,0.27,107.0
2638,2,56,4446,2.0,2.0,2.0,1.0,1.0,0.61,0.55,135.01,156.5
2639,5,1424,1199020,3.0,3.0,3.0,1.0,1.0,0.44,0.03,0.34,137.2
2640,10,35668,44316064,3.0,2.0,7.0,0.0,0.0,0.0,0.0,50.7,66.4
2653,1,32,13295,1.0,1.0,1.0,1.0,1.0,0.44,0.29,1.41,60.0
2679,36,2766,2094104,10.0,5.0,27.0,1.0,1.0,0.51,0.15,10.47,124.39
2680,17,305,105582,6.0,7.0,15.0,1.0,1.0,0.54,0.52,67.9,144.94
2681,8,78,12459,5.0,5.0,7.0,0.99,1.0,0.58,0.85,36.4,81.12
2682,8,150,91319,4.0,5.0,8.0,0.99,1.0,0.63,0.73,31.57,113.75
2683,9,126,53889,5.0,3.0,8.0,1.0,1.0,0.77,0.46,75.79,107.22
2684,13,529,109883,5.0,3.0,10.0,1.0,1.0,0.9,0.87,119.83,122.92
2685,10,110,55058,4.0,5.0,9.0,1.0,1.0,0.65,0.68,54.2,154.7
2686,10,392,105743,5.0,4.0,9.0,1.0,1.0,0.23,0.61,93.53,135.1
2687,6,53,10257,4.0,3.0,6.0,1.0,1.0,0.98,1.0,47.55,112.17
2688,10,108,26544,8.0,6.0,10.0,0.99,1.0,0.52,0.72,34.14,100.4
2689,13,742,780278,7.0,4.0,13.0,1.0,1.0,0.1,0.03,41.96,112.38
2690,6,129,21310,4.0,2.0,6.0,0.99,1.0,0.76,0.92,151.03,113.33
2692,9,183,47288,5.0,3.0,9.0,1.0,1.0,0.56,0.53,69.73,121.0
2693,10,383,285705,6.0,4.0,8.0,1.0,1.0,0.8,0.92,92.35,107.3
2695,9,210,59154,2.0,3.0,8.0,1.0,1.0,0.6,0.54,71.84,127.67
2696,7,91,9996,3.0,3.0,3.0,1.0,1.0,0.36,0.35,25.73,113.86
2697,9,66,12229,4.0,3.0,7.0,1.0,1.0,0.59,0.45,36.85,115.22
2698,9,144,16177,5.0,4.0,7.0,1.0,1.0,0.76,0.73,96.09,115.56
2699,13,55466,2985880,5.0,2.0,9.0,1.0,1.0,1.0,0.99,99.11,111.62
2700,8,163,51788,3.0,3.0,6.0,1.0,1.0,0.45,0.38,49.93,98.0
2701,8,104,18877,4.0,3.0,5.0,1.0,1.0,0.6,0.63,60.23,140.88
2702,3,18,2932,3.0,3.0,3.0,1.0,1.0,0.72,0.92,40.18,76.33
2704,6,95,8162,5.0,3.0,6.0,0.99,0.99,0.65,0.78,69.31,132.17
2705,5,39,15467,4.0,3.0,5.0,1.0,1.0,0.26,0.11,12.17,90.6
2706,7,114,19821,5.0,3.0,6.0,1.0,1.0,0.48,0.52,99.84,85.0
2707,6,106,28926,3.0,1.0,5.0,1.0,1.0,0.29,0.47,75.23,102.83
2708,5,54,14997,4.0,3.0,4.0,1.0,1.0,0.3,0.38,22.07,82.6
2709,15,171,37506,9.0,6.0,13.0,1.0,1.0,0.54,0.63,65.73,116.93
2710,8,122,28664,5.0,4.0,7.0,1.0,1.0,0.62,0.54,22.61,103.25
2711,6,96,41156,5.0,4.0,6.0,1.0,1.0,0.51,0.4,8.4,97.17
2712,9,102,27516,4.0,2.0,8.0,1.0,1.0,0.39,0.24,140.94,136.11
2713,8,113,35563,4.0,3.0,7.0,1.0,1.0,0.67,0.69,11.56,138.25
2714,7,73,16145,5.0,4.0,7.0,1.0,1.0,0.26,0.09,48.97,117.71
2715,3,17,1460,2.0,3.0,3.0,1.0,1.0,0.65,0.7,20.03,146.33
2716,16,304,162558,5.0,3.0,14.0,1.0,1.0,0.5,0.28,3.98,113.31
2717,3,48,14655,3.0,1.0,3.0,1.0,1.0,0.33,0.15,129.01,103.0
2856,10,103,27862,8.0,6.0,10.0,0.83,0.65,0.43,0.23,13.62,119.7
2857,17,492,339282,9.0,8.0,12.0,0.2,0.07,0.73,0.75,21.04,64.53
2858,12,174,142544,4.0,5.0,8.0,0.14,0.01,0.29,0.17,11.72,83.75
2861,3,19,10505,3.0,3.0,3.0,1.0,1.0,0.89,0.99,0.16,187.33
3053,9,43,8489,8.0,8.0,8.0,0.98,0.99,0.47,0.27,0.05,185.44
3054,4,27,8660,3.0,2.0,4.0,1.0,1.0,0.44,0.59,22.33,151.0
3066,10,413,53059,9.0,2.0,10.0,0.99,1.0,0.87,0.61,29.86,59.8
3067,5,451,349156,4.0,2.0,4.0,1.0,1.0,0.45,0.05,2.13,97.8
3069,6,40,9915,3.0,3.0,6.0,0.57,0.27,0.4,0.53,0.12,133.67
3071,6,886,872851,3.0,3.0,5.0,1.0,1.0,0.32,0.02,1.17,123.0
3072,3,9,558,2.0,2.0,3.0,1.0,1.0,0.33,0.34,0.02,132.0
3073,2,26,15550,2.0,2.0,2.0,0.96,0.99,1.0,1.0,32.9,60.0
3075,7,26,5831,5.0,4.0,6.0,0.62,0.25,0.65,0.88,1.27,142.29
3078,3,10,992,3.0,3.0,3.0,1.0,1.0,0.8,0.92,4.76,186.0
3079,1,2,116,1.0,1.0,1.0,1.0,1.0,1.0,1.0,0.13,60.0
3081,6,534,285547,4.0,4.0,4.0,1.0,1.0,0.51,0.5,12.67,120.83
3082,5,50,12155,4.0,4.0,5.0,1.0,1.0,0.34,0.67,12.33,181.6
3083,6,177,209137,6.0,5.0,6.0,1.0,1.0,0.1,0.01,2.62,65.0
3085,4,262,90267,4.0,3.0,4.0,1.0,1.0,0.46,0.4,52.68,153.25
3088,32,808,476936,18.0,6.0,28.0,0.97,0.97,0.47,0.45,17.32,83.56
3089,8,37,6536,5.0,5.0,8.0,1.0,1.0,0.32,0.12,9.1,137.75
3090,2,6,510,2.0,2.0,2.0,1.0,1.0,1.0,1.0,0.03,60.0
3093,3,36,4408,3.0,3.0,3.0,1.0,1.0,0.47,0.59,17.39,122.33
3094,1,5,458,1.0,1.0,1.0,1.0,1.0,1.0,1.0,0.06,60.0
3095,4,21,2971,3.0,2.0,3.0,1.0,1.0,0.67,0.84,0.29,122.25
3096,4,8,1736,4.0,4.0,4.0,0.5,0.1,0.5,0.9,0.78,119.25
3097,8,61,18243,4.0,4.0,7.0,1.0,1.0,0.23,0.09,9.0,142.0
3098,8,11,556,7.0,7.0,8.0,1.0,1.0,0.55,0.63,4.93,178.38
3099,16,651,242008,9.0,2.0,13.0,1.0,1.0,0.49,0.27,29.4,82.62
3100,7,165,51922,2.0,3.0,5.0,1.0,1.0,0.5,0.27,10.04,69.14
3101,5,241,169462,4.0,4.0,5.0,0.09,0.01,0.22,0.06,17.95,143.0
3109,12,198,62257,4.0,3.0,9.0,0.7,0.77,0.63,0.62,30.94,77.25
3202,22,265,112831,4.0,2.0,10.0,1.0,1.0,0.52,0.34,1.44,128.5
3203,6,83,19944,5.0,1.0,6.0,1.0,1.0,0.73,0.54,16.31,122.67
3204,9,81,7915,8.0,5.0,9.0,0.99,0.99,0.6,0.7,32.72,114.78
3205,5,59,35847,3.0,2.0,5.0,1.0,1.0,0.29,0.18,0.69,105.8
3206,5,116,30313,2.0,1.0,5.0,1.0,1.0,0.58,0.48,70.24,119.4
3207,10,580,515049,10.0,6.0,10.0,1.0,1.0,0.27,0.03,91.41,134.0
3208,10,125,16992,9.0,6.0,9.0,0.98,0.99,0.77,0.72,97.67,154.7
3209,10,692,407066,6.0,3.0,9.0,0.11,0.07,0.51,0.55,70.08,160.7
3210,9,404,157557,4.0,2.0,8.0,1.0,1.0,0.75,0.53,148.03,156.78
3211,12,176,77414,7.0,3.0,12.0,0.71,0.56,0.33,0.19,69.6,119.08
3212,13,436,487280,9.0,4.0,13.0,0.94,0.98,0.15,0.04,25.3,131.92
3213,8,55,33452,6.0,5.0,6.0,0.95,0.99,0.2,0.03,0.49,147.0
3214,6,77,17969,4.0,3.0,6.0,1.0,1.0,0.55,0.31,13.51,144.83
3215,1,27,5424,1.0,1.0,1.0,1.0,1.0,0.56,0.33,146.84,124.0
3216,6,48,13807,4.0,4.0,5.0,0.33,0.07,0.62,0.93,16.73,86.33
3219,10,125,49818,6.0,4.0,9.0,1.0,1.0,0.38,0.45,7.0,85.0
3220,4,23,2338,4.0,4.0,4.0,1.0,1.0,0.87,0.95,0.34,216.75
3221,15,942,633587,8.0,4.0,14.0,0.73,0.87,0.5,0.22,39.42,135.73
3222,10,133,64913,3.0,2.0,10.0,1.0,1.0,0.39,0.15,28.96,114.4
3223,6,10,431,6.0,5.0,6.0,1.0,1.0,0.2,0.19,0.01,197.67
3224,8,113,29905,5.0,3.0,8.0,1.0,1.0,0.59,0.41,86.09,170.75
3225,10,103,27173,7.0,5.0,9.0,0.9,0.91,0.73,0.44,28.72,132.5
3226,10,116,30490,5.0,3.0,9.0,1.0,1.0,0.6,0.33,83.96,121.4
3227,7,268,50574,3.0,1.0,6.0,1.0,1.0,0.55,0.44,212.93,118.29
3228,9,67,28613,6.0,6.0,9.0,1.0,1.0,0.28,0.06,30.48,146.89
3229,4,62,17158,3.0,2.0,4.0,1.0,1.0,0.56,0.48,56.5,122.0
3232,9,151,35984,3.0,4.0,8.0,0.96,0.99,0.36,0.1,0.44,59.56
3233,17,209,64787,7.0,3.0,12.0,0.52,0.55,0.53,0.31,35.76,81.0
3234,45,950742,1101972081,21.0,20.0,36.0,0.0,0.0,0.12,0.01,34.23,60.44
3235,49,1953,696928,21.0,20.0,37.0,0.75,0.77,0.63,0.68,23.03,79.27
3236,32,261,55242,24.0,22.0,30.0,0.3,0.42,0.52,0.41,13.18,75.69
3237,55,244780,12566990,37.0,39.0,50.0,0.0,0.0,0.0,0.0,14.89,68.65
3238,43,12369,16068829,24.0,33.0,36.0,1.0,1.0,0.01,0.0,14.6,74.28
3239,85,34158,42092215,46.0,46.0,59.0,0.99,1.0,0.13,0.01,19.66,68.69
3240,52,880559,1071193849,32.0,26.0,47.0,0.0,0.0,0.07,0.0,42.15,65.96
3241,50,19249,1934250,36.0,33.0,45.0,0.06,0.52,0.02,0.02,22.91,77.2
3242,52,3305,3612934,39.0,41.0,49.0,0.97,0.99,0.25,0.02,7.95,76.96
3243,39,426,89164,24.0,24.0,37.0,0.47,0.67,0.57,0.4,40.34,65.41
3244,39,107,37394,28.0,34.0,37.0,0.38,0.58,0.4,0.33,5.05,78.74
3245,49,168,33270,39.0,39.0,45.0,0.29,0.51,0.43,0.4,13.32,76.86
3246,56,430,131893,36.0,44.0,51.0,0.46,0.7,0.66,0.34,22.14,65.48
3247,44,125,25099,37.0,39.0,44.0,0.51,0.55,0.44,0.37,2.82,88.14
3248,52,5177,5216678,39.0,39.0,47.0,0.01,0.0,0.73,0.98,10.75,86.19
3249,49,286,74539,35.0,37.0,46.0,0.33,0.45,0.59,0.48,21.29,71.76
3250,49,303,82973,30.0,31.0,43.0,0.37,0.33,0.63,0.52,16.15,77.67
3252,52,3662,4410269,29.0,28.0,44.0,0.99,1.0,0.13,0.03,17.85,69.83
3253,70,1033,571741,29.0,30.0,40.0,0.94,0.98,0.31,0.13,11.31,65.3
3254,62,756,125499,32.0,37.0,51.0,0.62,0.79,0.78,0.53,16.97,68.55
3255,66,856,254868,33.0,35.0,49.0,0.52,0.64,0.35,0.23,24.54,72.97
3256,23,239,56329,20.0,18.0,22.0,0.69,0.53,0.38,0.35,2.21,82.04
3303,35,734,260984,12.0,7.0,19.0,0.97,0.97,0.59,0.28,25.95,75.63
3304,44,573,124249,7.0,4.0,9.0,1.0,1.0,0.49,0.41,8.31,64.59
3305,41,3488,2398099,5.0,2.0,10.0,0.83,0.98,0.54,0.34,18.15,65.15
3306,32,839,325520,10.0,6.0,19.0,1.0,1.0,0.56,0.23,55.0,88.03
3307,15,182,38715,6.0,5.0,8.0,0.99,1.0,0.4,0.28,56.54,71.33
3308,10,717,82019,5.0,4.0,6.0,1.0,1.0,0.52,0.31,63.16,98.6
3309,21,279,135652,3.0,4.0,6.0,1.0,1.0,0.43,0.18,7.09,78.76
3310,18,239,47346,3.0,3.0,10.0,1.0,1.0,0.7,0.69,17.35,59.94
3311,35,1842,1861623,9.0,6.0,14.0,0.99,1.0,0.16,0.02,44.41,76.57
3312,13,370,158537,5.0,5.0,7.0,0.57,0.18,0.44,0.1,47.7,66.77
3313,17,1282,834787,4.0,3.0,7.0,0.43,0.08,0.39,0.06,43.64,63.71
3314,28,423,89592,4.0,3.0,10.0,0.94,0.88,0.53,0.45,47.22,61.93
3315,16,226,40493,4.0,3.0,9.0,1.0,1.0,0.69,0.55,55.99,60.38
3316,21,239,43485,8.0,7.0,9.0,1.0,1.0,0.37,0.4,15.18,76.43
3317,21,261,66396,6.0,5.0,10.0,0.86,0.76,0.51,0.37,54.32,63.19
3318,29,327,82464,4.0,4.0,9.0,0.97,0.94,0.5,0.41,17.76,67.97
3319,19,623,92042,5.0,5.0,9.0,0.83,0.54,0.83,0.61,57.2,74.26
3320,29,345,92413,7.0,6.0,13.0,0.88,0.81,0.39,0.33,25.31,74.76
3321,16,242,65335,3.0,3.0,8.0,0.99,1.0,0.21,0.14,33.06,62.69
3342,8,372,267011,6.0,2.0,8.0,0.34,0.19,0.34,0.07,0.51,82.5
3343,3,14,790,2.0,2.0,3.0,0.93,0.95,0.5,0.4,0.11,59.33
3344,3,27,7962,3.0,3.0,3.0,0.93,0.98,0.44,0.17,34.8,55.33
3345,4,50,25648,3.0,2.0,3.0,1.0,1.0,0.18,0.05,42.77,145.0
3346,12,679,382587,6.0,3.0,12.0,0.98,0.98,0.44,0.17,17.81,73.92
3347,11,106,67937,5.0,4.0,10.0,0.99,1.0,0.3,0.07,11.03,74.09
3348,9,114,31543,4.0,2.0,8.0,1.0,1.0,0.7,0.51,10.22,58.0
3349,2,3,148,2.0,2.0,2.0,1.0,1.0,0.67,0.7,0.01,86.5
3352,6,71,8968,3.0,4.0,6.0,1.0,1.0,0.63,0.74,2.21,89.33
3354,3,10,990,3.0,3.0,3.0,1.0,1.0,0.7,0.38,2.36,122.67
3355,5,20,1620,4.0,2.0,5.0,1.0,1.0,0.6,0.42,0.03,99.0
3356,7,87,24648,4.0,4.0,6.0,1.0,1.0,0.56,0.32,5.84,142.29
3357,1,4,240,1.0,1.0,1.0,1.0,1.0,1.0,1.0,7.26,60.0
3358,1,4,232,1.0,1.0,1.0,1.0,1.0,1.0,1.0,59.99,60.0
3359,3,4400,3905433,3.0,2.0,3.0,1.0,1.0,0.43,0.04,0.07,183.0
3360,3,15,1383,2.0,2.0,2.0,1.0,1.0,0.4,0.25,0.06,60.67
3361,2,2,122,2.0,2.0,2.0,0.5,0.33,0.5,0.67,0.0,157.0
3362,2,4,215,2.0,2.0,2.0,1.0,1.0,0.5,0.63,0.02,59.0
3364,9,50,13378,6.0,5.0,9.0,0.68,0.37,0.5,0.71,7.26,123.33
3365,6,29,5114,5.0,4.0,6.0,1.0,1.0,0.86,0.94,10.04,135.33
3366,5,19,4474,3.0,3.0,5.0,1.0,1.0,0.42,0.11,0.75,110.4
3367,5,271,137493,4.0,2.0,5.0,1.0,1.0,0.49,0.09,12.11,67.0
3368,7,33,7772,4.0,3.0,7.0,0.73,0.17,0.61,0.9,0.02,113.14
3369,9,64,5831,6.0,7.0,7.0,1.0,1.0,0.75,0.79,36.97,83.22
3372,9,81,16006,7.0,5.0,9.0,1.0,1.0,0.63,0.44,0.33,99.44
3373,2,9,3781,2.0,2.0,2.0,1.0,1.0,0.89,0.99,14.92,56.5
3375,3,5,220,3.0,2.0,3.0,1.0,1.0,0.2,0.27,0.0,125.67
3376,8,46,9031,6.0,6.0,6.0,0.98,0.98,0.61,0.36,0.17,127.5
3381,4,200,97600,4.0,4.0,4.0,0.02,0.0,0.52,0.72,14.52,202.25
3383,15,116,46757,9.0,7.0,9.0,1.0,1.0,0.39,0.19,0.09,151.0
3384,9,54,15253,5.0,2.0,7.0,0.98,0.99,0.54,0.38,0.19,122.56
3385,12,140,66360,3.0,3.0,7.0,1.0,1.0,0.5,0.12,47.61,123.92
3386,12,73,21747,6.0,4.0,8.0,0.99,1.0,0.47,0.37,10.09,118.0
3390,11,86,27268,7.0,9.0,9.0,0.95,0.99,0.21,0.26,5.99,115.36
3401,8,211,48628,6.0,6.0,7.0,1.0,1.0,0.07,0.02,17.89,163.25
3402,11,637,253547,6.0,5.0,11.0,0.12,0.1,0.82,0.67,26.78,105.27
3404,6,633,318618,5.0,3.0,6.0,1.0,1.0,0.47,0.45,3.0,128.33
3406,3,31,10061,3.0,3.0,3.0,1.0,1.0,0.48,0.18,3.39,119.67
3407,3,219,29109,2.0,1.0,3.0,1.0,1.0,0.49,0.42,123.68,70.67
3408,2,21,14506,2.0,1.0,2.0,0.52,0.5,0.48,0.5,32.8,154.0
3409,2,42,5004,1.0,1.0,2.0,0.31,0.16,0.83,0.92,137.97,76.0
3410,7,121,48863,3.0,4.0,7.0,0.25,0.07,0.5,0.77,49.76,124.57
3411,6,36,8407,4.0,4.0,6.0,0.42,0.24,0.92,0.98,46.09,91.0
3412,7,730,256824,4.0,2.0,6.0,0.69,0.74,0.63,0.55,101.6,87.0
3413,3,21,6038,2.0,2.0,3.0,1.0,1.0,0.29,0.06,8.52,135.33
3414,5,526,211453,3.0,1.0,3.0,1.0,1.0,0.45,0.35,31.04,72.8
3415,6,619,177978,1.0,2.0,5.0,0.1,0.04,0.99,1.0,62.54,65.33
3417,2,1688,95696,2.0,2.0,2.0,1.0,1.0,1.0,1.0,0.62,157.0
3418,2,29,7016,2.0,1.0,2.0,1.0,1.0,0.59,0.25,0.36,60.0
3419,9,1480,215937,4.0,4.0,9.0,0.1,0.2,0.89,0.78,42.9,91.22
3420,7,51,23704,5.0,5.0,7.0,0.47,0.08,0.35,0.79,2.92,85.71
3421,7,73,22822,6.0,6.0,7.0,0.58,0.23,0.55,0.23,20.94,125.29
3422,6,20,1064,4.0,5.0,6.0,0.95,0.97,0.4,0.46,0.0,121.83
3423,5,112,14438,2.0,2.0,3.0,1.0,1.0,0.45,0.42,26.93,118.0
3424,4,4,246,3.0,4.0,4.0,0.75,0.52,0.25,0.48,0.0,101.0
3425,5,2164,131728,3.0,3.0,4.0,0.99,0.92,0.99,0.99,0.52,98.4
3426,9,71,9079,3.0,3.0,6.0,1.0,1.0,0.86,0.93,8.4,91.67
3427,7,105,12685,4.0,3.0,5.0,0.83,0.69,0.32,0.2,163.37,100.43
3428,5,22381,27536049,3.0,3.0,5.0,0.01,0.0,0.0,0.0,50.69,69.8
3429,3,95,15957,1.0,1.0,3.0,0.86,0.74,0.28,0.34,91.62,81.33
3474,5,210,38580,5.0,1.0,5.0,1.0,1.0,0.72,0.54,31.81,60.0
3475,5,20,1570,4.0,4.0,4.0,0.95,0.97,0.8,0.89,0.99,171.6
3480,25,1839,1471037,15.0,3.0,23.0,0.23,0.1,0.31,0.08,20.55,101.84
3481,14,276,88022,9.0,2.0,14.0,0.97,0.97,0.52,0.37,8.92,114.86
3491,7,82,20841,6.0,5.0,7.0,1.0,1.0,0.57,0.28,8.44,140.14
3492,6,57,14325,6.0,2.0,6.0,0.82,0.7,0.61,0.62,1.6,90.17
3493,4,193,59683,2.0,1.0,3.0,0.22,0.24,0.92,0.88,34.28,60.0
3494,4,70,37703,4.0,2.0,4.0,0.66,0.69,0.74,0.78,18.21,56.25
3495,4,28,8833,4.0,4.0,4.0,1.0,1.0,0.43,0.2,2.55,153.5
3496,3,3,632,3.0,3.0,3.0,1.0,1.0,0.33,0.85,0.0,120.67
3506,3,3,396,3.0,3.0,3.0,0.67,0.21,0.33,0.79,0.0,184.67
3507,4,31,6791,3.0,3.0,4.0,1.0,1.0,0.13,0.03,15.62,172.0
3508,6,81,23578,4.0,2.0,6.0,0.84,0.79,0.44,0.28,21.7,97.67
3509,3,45,11671,2.0,2.0,3.0,0.78,0.75,0.4,0.34,22.49,135.33
3510,6,28,6318,5.0,4.0,5.0,0.32,0.23,0.79,0.88,29.3,129.83
3511,3,18,1587,3.0,3.0,3.0,1.0,1.0,0.89,0.95,0.07,183.67
3513,3,73,30989,3.0,3.0,3.0,0.03,0.0,0.97,1.0,6.62,186.33
3514,7,156,30422,3.0,3.0,5.0,0.58,0.35,0.85,0.93,25.99,144.14
3516,7,36,2959,5.0,5.0,7.0,0.97,0.85,0.58,0.59,3.7,122.57
3517,1,15,1828,1.0,1.0,1.0,1.0,1.0,1.0,1.0,9.95,60.0
3521,5,28,10440,3.0,3.0,4.0,1.0,1.0,0.25,0.04,0.42,110.2
3522,5,12,623,5.0,3.0,5.0,1.0,1.0,0.42,0.44,0.04,55.2
3525,2,2,110,2.0,2.0,2.0,0.5,0.36,0.5,0.64,0.0,156.5
3527,5,13,827,3.0,5.0,3.0,1.0,1.0,0.31,0.3,0.23,188.0
3528,6,59,12920,5.0,3.0,5.0,1.0,1.0,0.46,0.32,0.46,102.17
3530,6,47,4921,3.0,5.0,6.0,0.7,0.72,0.49,0.58,4.72,129.67
3531,5,115,56272,1.0,2.0,5.0,0.54,0.13,0.44,0.11,56.56,72.8
3532,9,170,43982,4.0,3.0,6.0,0.55,0.37,0.58,0.36,51.49,88.33
3533,7,94,11560,4.0,3.0,5.0,0.99,1.0,0.03,0.02,38.93,124.29
3534,7,265,37856,6.0,4.0,7.0,1.0,1.0,0.93,0.81,1.55,168.29
3535,6,157,27515,5.0,2.0,5.0,1.0,1.0,0.13,0.1,42.0,93.83
3543,11,57,16048,6.0,6.0,10.0,0.96,0.93,0.63,0.51,0.12,109.64
3565,7,508,442299,4.0,1.0,6.0,1.0,1.0,0.77,0.92,38.25,69.29
3566,8,107,29255,6.0,3.0,7.0,0.99,1.0,0.08,0.07,9.04,106.12
3569,2,3,146,2.0,2.0,2.0,0.67,0.71,0.67,0.71,0.08,52.5
3570,16,188,74299,7.0,3.0,11.0,1.0,1.0,0.32,0.14,14.35,92.94
3640,87,340,99863,58.0,40.0,80.0,0.59,0.78,0.74,0.64,4.43,112.08
3641,47,20703,27321699,26.0,15.0,43.0,1.0,1.0,0.12,0.01,7.17,119.51
3642,22,7372,8758464,18.0,11.0,20.0,1.0,1.0,0.21,0.01,5.76,120.05
3643,15,37,10287,13.0,12.0,15.0,0.7,0.87,0.05,0.01,3.32,133.13
3644,14,43,10390,13.0,13.0,14.0,0.77,0.88,0.26,0.09,0.96,109.5
3645,16,40,8120,15.0,14.0,16.0,0.8,0.88,0.42,0.79,2.38,129.88
3647,8,20,2497,8.0,8.0,8.0,0.8,0.79,0.3,0.19,8.76,121.75
3649,2,17,6481,1.0,1.0,2.0,1.0,1.0,1.0,1.0,2.55,124.0
3651,2,17,6409,1.0,1.0,2.0,1.0,1.0,0.94,0.99,3.05,120.0
3652,4,19,1467,1.0,1.0,3.0,1.0,1.0,0.89,0.94,0.16,121.25
3691,16,25790,38050148,5.0,3.0,11.0,0.98,1.0,0.99,1.0,6.24,62.44
3933,67,18210,21100362,10.0,3.0,30.0,1.0,1.0,0.2,0.01,15.63,119.61
3946,6,93,21334,2.0,3.0,2.0,1.0,1.0,0.62,0.52,0.3,124.0
3950,24,553,166421,9.0,5.0,20.0,1.0,1.0,0.69,0.64,47.58,121.5
3951,8,86,25882,6.0,3.0,8.0,0.71,0.69,0.93,0.96,28.39,137.88
3952,9,228,35116,6.0,4.0,7.0,1.0,1.0,0.71,0.71,97.06,145.56
3953,8,70,27519,4.0,3.0,6.0,1.0,1.0,0.27,0.15,58.83,128.38
3954,8,143,90109,3.0,1.0,8.0,0.76,0.81,0.39,0.23,61.17,119.88
3955,13,245,29068,7.0,5.0,7.0,0.94,0.78,0.65,0.34,68.23,136.15
3956,7,204,91729,6.0,3.0,7.0,1.0,1.0,0.37,0.12,117.19,111.43
3957,13,147,31826,7.0,5.0,8.0,1.0,1.0,0.51,0.43,34.78,152.62
3958,15,342,122150,9.0,6.0,12.0,1.0,1.0,0.32,0.06,63.26,112.6
3959,8,193,48578,5.0,3.0,8.0,1.0,1.0,0.37,0.48,90.64,117.0
3960,13,113,39281,6.0,2.0,11.0,0.99,1.0,0.7,0.6,83.49,125.46
3961,10,132,30616,4.0,4.0,7.0,1.0,1.0,0.77,0.7,71.51,134.6
3962,10,134,24990,6.0,3.0,8.0,1.0,1.0,0.16,0.05,114.66,121.9
3963,9,129,70070,6.0,4.0,7.0,1.0,1.0,0.57,0.78,100.75,119.44
3964,7,64,16752,3.0,3.0,6.0,0.98,1.0,0.91,0.97,39.1,112.0
3965,14,165,97440,5.0,3.0,11.0,0.87,0.9,0.63,0.8,42.29,112.79
3976,13,153,32395,8.0,4.0,10.0,0.99,1.0,0.63,0.7,36.51,129.69
3977,16,205,24586,7.0,3.0,10.0,1.0,1.0,0.51,0.36,50.01,111.62
3978,8,253,198879,8.0,5.0,8.0,1.0,1.0,0.84,0.97,52.5,137.75
3979,12,158,42644,7.0,5.0,10.0,0.99,1.0,0.41,0.34,89.17,116.33
3980,14,598,597215,6.0,1.0,12.0,1.0,1.0,0.27,0.15,81.27,128.86
3981,8,121,79176,5.0,3.0,5.0,1.0,1.0,0.67,0.82,45.66,130.5
3982,11,66,16058,7.0,4.0,10.0,1.0,1.0,0.74,0.77,31.08,123.18
3983,1,56,3320,1.0,1.0,1.0,1.0,1.0,0.64,0.61,284.09,124.0
3984,5,81,14332,3.0,2.0,5.0,1.0,1.0,0.85,0.46,57.42,122.4
3985,10,136,32765,6.0,5.0,8.0,0.93,0.84,0.33,0.24,102.7,138.3
3986,12,343,103778,6.0,2.0,7.0,1.0,1.0,0.5,0.79,51.58,171.58
3987,4,198,19528,4.0,1.0,4.0,1.0,1.0,0.45,0.27,167.42,98.5
3988,8,271,48827,5.0,2.0,8.0,1.0,1.0,0.62,0.81,115.22,114.25
3989,12,111,17077,8.0,4.0,10.0,1.0,1.0,0.52,0.57,36.83,104.5
3990,11,384,126424,7.0,4.0,11.0,0.96,0.94,0.61,0.78,83.61,136.18
3991,9,105,51264,7.0,5.0,8.0,1.0,1.0,0.41,0.08,39.78,178.44
3992,6,42,15667,4.0,3.0,6.0,0.98,1.0,0.36,0.24,25.93,104.83
3998,104,2243,687375,24.0,20.0,59.0,0.53,0.72,0.41,0.17,25.0,111.56
3999,50,13383,1434395,18.0,15.0,35.0,0.04,0.12,0.03,0.07,42.73,138.76
4000,18,149054,124726080,13.0,12.0,17.0,0.0,0.0,0.74,0.97,125.74,108.56
4001,15,214524,181432536,9.0,7.0,10.0,0.0,0.0,0.66,0.96,91.23,114.0
4002,13,98159,103935084,11.0,7.0,12.0,0.0,0.0,0.66,0.78,105.14,140.46
4068,2,18,3630,2.0,2.0,2.0,1.0,1.0,0.94,0.99,1.1,156.5
4069,4,49,25165,1.0,3.0,3.0,0.94,0.99,0.41,0.2,15.98,56.75
4073,2,2,116,2.0,2.0,2.0,0.5,0.34,0.5,0.66,0.0,156.5
4074,2,2,96,2.0,2.0,2.0,0.5,0.42,0.5,0.58,0.0,156.5
4086,5,249,90792,3.0,2.0,5.0,0.77,0.43,0.42,0.3,46.47,103.8
4087,5,72,25107,3.0,2.0,4.0,0.28,0.26,0.46,0.5,16.16,76.2
4093,5,41,27000,5.0,3.0,5.0,1.0,1.0,0.17,0.03,0.32,95.4
4095,4,28,11073,2.0,2.0,3.0,0.32,0.05,0.5,0.33,0.04,56.25
4096,2,26,6895,1.0,1.0,2.0,1.0,1.0,0.69,0.68,13.94,76.0
4100,4,41,17912,4.0,4.0,4.0,1.0,1.0,0.34,0.09,1.81,104.75
4109,3,5,930,3.0,3.0,3.0,1.0,1.0,0.4,0.32,0.27,209.67
4110,39,699,343811,6.0,5.0,23.0,1.0,1.0,0.35,0.19,18.46,121.9
4111,5,22,10411,4.0,4.0,5.0,1.0,1.0,0.45,0.3,0.24,130.4
4112,4,38,5108,4.0,3.0,4.0,1.0,1.0,0.74,0.85,85.45,187.25
4114,6,172,76027,5.0,3.0,6.0,0.66,0.52,0.44,0.24,49.46,164.17
4115,12,483,538895,7.0,8.0,8.0,1.0,1.0,0.18,0.02,2.02,185.25
4116,4,52,30236,2.0,2.0,4.0,0.23,0.2,0.38,0.21,0.23,102.0
4119,6,39,4536,4.0,3.0,4.0,1.0,1.0,0.49,0.69,9.82,207.17
4120,5,43,12040,2.0,2.0,4.0,1.0,1.0,0.6,0.38,79.38,148.0
4121,4,159,181044,4.0,1.0,4.0,1.0,1.0,0.16,0.02,31.85,108.75
4122,3,13,1930,3.0,2.0,3.0,1.0,1.0,0.85,0.96,0.37,165.67
4123,8,37,5263,6.0,5.0,7.0,1.0,1.0,0.86,0.95,38.92,137.75
4124,2,2,81,2.0,2.0,2.0,1.0,1.0,0.5,0.51,0.0,188.5
4125,8,176,54459,4.0,4.0,8.0,0.99,1.0,0.83,0.7,44.37,153.38
4126,5,68,24564,2.0,2.0,5.0,1.0,1.0,0.72,0.36,54.52,106.6
4127,2,36,16759,2.0,1.0,2.0,1.0,1.0,0.33,0.14,30.3,92.0
4128,6,30,6244,5.0,4.0,6.0,1.0,1.0,0.7,0.93,18.52,165.0
4200,1,8,464,1.0,1.0,1.0,1.0,1.0,0.5,0.53,60.03,251.0
4202,5,16,9092,4.0,5.0,5.0,0.94,0.99,0.06,0.01,4.2,170.6
4205,3,3,295,3.0,3.0,3.0,0.0,0.0,0.33,0.5,0.0,55.33
4212,1,1,80,1.0,1.0,1.0,0.0,0.0,1.0,1.0,0.0,60.0
4252,5,5,230,4.0,4.0,5.0,0.6,0.59,0.2,0.25,0.0,54.6
4253,4,5,268,4.0,4.0,4.0,0.8,0.78,0.2,0.22,0.25,49.75
4257,5,6,300,4.0,4.0,4.0,0.83,0.8,0.17,0.2,0.2,134.0
4260,5,5,240,4.0,4.0,4.0,0.8,0.67,0.2,0.33,0.0,211.2
4309,11,619,147999,6.0,3.0,11.0,1.0,1.0,0.76,0.27,6.68,75.73
4310,22,26733,34860061,7.0,3.0,11.0,1.0,1.0,0.07,0.01,11.32,65.77
4311,9,100,23271,5.0,3.0,8.0,1.0,1.0,0.57,0.35,1.19,80.33
4313,5,48,18211,5.0,4.0,5.0,0.44,0.39,0.69,0.81,0.72,93.2
4314,6,48,20268,3.0,5.0,5.0,0.98,1.0,0.06,0.01,3.0,53.5
4315,3,40,10528,3.0,3.0,3.0,0.98,0.99,0.32,0.17,1.38,119.33
4316,10,719,693926,5.0,5.0,9.0,1.0,1.0,0.21,0.05,4.92,76.1
4317,4,738,686489,2.0,2.0,3.0,1.0,1.0,0.34,0.02,2.05,105.25
4318,8,54,23089,5.0,7.0,7.0,0.94,0.93,0.37,0.11,0.4,102.62
4319,23,1811,1268546,4.0,2.0,7.0,1.0,1.0,0.49,0.06,2.47,66.3
4321,6,30,5065,6.0,5.0,6.0,0.97,0.95,0.47,0.67,0.8,161.5
4323,6,89,34383,5.0,4.0,6.0,1.0,1.0,0.45,0.22,6.33,87.5
4324,4,28,7465,3.0,4.0,4.0,0.93,0.99,0.36,0.24,0.51,51.25
4328,7,78,22119,5.0,4.0,6.0,0.96,0.99,0.58,0.48,0.77,85.43
4329,16,1161,752876,2.0,2.0,3.0,1.0,1.0,0.51,0.07,2.38,56.44
4331,3,11,4706,3.0,3.0,3.0,0.18,0.02,0.82,0.98,0.02,119.33
4332,10,70,16819,6.0,6.0,10.0,1.0,1.0,0.21,0.24,2.47,134.9
4333,14,207,84421,8.0,9.0,12.0,1.0,1.0,0.25,0.08,11.17,111.93
4334,5,48,12768,3.0,4.0,5.0,0.98,0.95,0.6,0.38,12.79,95.0
4335,25,1080,453579,5.0,6.0,13.0,1.0,1.0,0.63,0.16,3.2,64.52
4336,5,103,27296,5.0,2.0,5.0,0.81,0.72,0.51,0.34,1.4,66.4
4337,5,90,38494,2.0,2.0,4.0,0.81,0.78,0.43,0.49,25.01,58.0
4340,2,2,84,2.0,2.0,2.0,0.5,0.48,0.5,0.52,0.0,156.5
4341,23,1687,941067,4.0,3.0,9.0,1.0,1.0,0.58,0.08,3.31,59.39
4342,7,60,21159,5.0,4.0,7.0,0.98,0.99,0.48,0.37,3.01,84.29
4344,5,47,29063,4.0,3.0,4.0,1.0,1.0,0.21,0.06,3.99,136.0
4345,4,36,7445,3.0,3.0,4.0,1.0,1.0,0.5,0.33,2.09,105.75
4346,5,88,16939,4.0,3.0,5.0,0.76,0.56,0.88,0.81,0.72,98.4
4347,13,2951,3951210,5.0,1.0,11.0,0.82,0.85,0.06,0.01,10.45,59.46
4348,12,3612,4885007,6.0,4.0,10.0,0.99,1.0,0.08,0.01,6.9,108.33
4349,21,660,324189,9.0,5.0,18.0,0.35,0.36,0.38,0.14,33.5,89.05
4350,17,5375,4315100,10.0,3.0,17.0,0.15,0.19,0.23,0.06,42.84,61.82
4351,11,1458,932347,5.0,1.0,9.0,1.0,1.0,0.54,0.06,32.3,60.0
4352,5,84,51435,4.0,2.0,5.0,1.0,1.0,0.29,0.16,27.91,103.4
4353,25,2456,3035222,6.0,2.0,18.0,0.68,0.69,0.07,0.01,18.71,67.8
4355,7,94,22537,6.0,4.0,7.0,1.0,1.0,0.77,0.69,18.71,112.86
4356,4,52,12786,4.0,2.0,4.0,1.0,1.0,0.63,0.42,3.38,108.25
4358,10,705,678082,5.0,1.0,8.0,1.0,1.0,0.24,0.03,9.0,59.0
4359,6,1896,2636270,5.0,1.0,5.0,1.0,1.0,0.05,0.0,9.21,59.0
4360,2,98,23049,2.0,1.0,2.0,0.08,0.07,1.0,1.0,40.77,60.0
4361,3,33,9090,3.0,2.0,3.0,0.97,0.99,0.45,0.19,0.03,60.0
4362,3,84,63651,3.0,2.0,3.0,0.99,1.0,0.18,0.03,10.48,57.33
4363,6,182,90678,5.0,3.0,6.0,1.0,1.0,0.58,0.59,7.38,55.33
4365,7,127,49546,4.0,3.0,7.0,1.0,1.0,0.39,0.13,0.96,86.0
4367,2,32,9011,2.0,2.0,2.0,1.0,1.0,0.41,0.18,0.05,156.5
4372,4,5,354,4.0,4.0,4.0,1.0,1.0,0.4,0.65,0.09,152.25
4375,3,54,11232,3.0,1.0,3.0,1.0,1.0,1.0,1.0,2.52,60.0
4376,1,1,76,1.0,1.0,1.0,0.0,0.0,1.0,1.0,0.0,60.0
4394,13,547,235991,6.0,3.0,9.0,1.0,1.0,0.64,0.21,82.77,59.92
4395,8,12,648,6.0,6.0,8.0,0.83,0.77,0.5,0.56,0.0,137.25
4396,8,138,64266,6.0,2.0,8.0,0.64,0.52,0.32,0.17,21.78,113.88
4397,3,53,13060,3.0,2.0,3.0,1.0,1.0,0.55,0.35,0.99,55.67
4398,5,30,2544,5.0,4.0,5.0,1.0,1.0,0.7,0.81,16.9,173.6
4399,9,105,31542,6.0,5.0,7.0,0.99,1.0,0.64,0.47,20.64,91.67
4400,8,110,34413,6.0,3.0,8.0,0.85,0.83,0.39,0.23,6.4,81.25
4401,3,33,6957,3.0,3.0,3.0,1.0,1.0,0.48,0.24,0.03,53.0
4402,7,270,90890,4.0,2.0,7.0,1.0,1.0,0.44,0.48,21.62,85.0
4403,10,168,68209,6.0,4.0,10.0,0.99,1.0,0.72,0.58,5.24,109.7
4404,6,1433,1321159,5.0,2.0,6.0,0.06,0.02,0.32,0.18,13.19,91.5
4405,6,222,81490,2.0,1.0,5.0,1.0,1.0,0.65,0.47,88.69,68.5
4406,9,467,75668,6.0,5.0,9.0,1.0,1.0,0.92,0.82,5.83,98.22
4407,26,3096,2510002,13.0,3.0,24.0,1.0,1.0,0.4,0.04,59.84,87.92
4408,7,57,20874,6.0,3.0,7.0,1.0,1.0,0.25,0.03,50.91,81.57
4419,10,108,30797,8.0,6.0,9.0,1.0,1.0,0.71,0.64,7.2,74.5
4498,6,159,25293,3.0,1.0,4.0,1.0,1.0,0.54,0.62,24.17,65.33
4499,2,2,155,2.0,2.0,2.0,0.5,0.26,0.5,0.26,0.0,59.0
4500,6,316,311675,6.0,3.0,6.0,1.0,1.0,0.22,0.02,1.37,90.5
4501,2,70,11982,2.0,1.0,2.0,1.0,1.0,1.0,1.0,13.5,60.0
4502,13,48,10976,5.0,6.0,6.0,0.98,0.96,0.56,0.47,1.51,88.46
4503,3,31,7567,2.0,3.0,3.0,1.0,1.0,0.48,0.29,2.8,121.33
4507,4,166,152984,3.0,2.0,3.0,1.0,1.0,0.28,0.07,2.11,60.0
4513,15,266,71700,6.0,3.0,12.0,0.99,1.0,0.73,0.44,13.25,60.6
4514,25,441,172747,10.0,3.0,15.0,1.0,1.0,0.46,0.35,8.22,74.96
4518,2,54,9890,2.0,2.0,2.0,1.0,1.0,0.57,0.25,0.4,156.5
4519,10,900,496762,7.0,4.0,9.0,1.0,1.0,0.4,0.14,5.57,142.6
4520,2,7,368,2.0,2.0,2.0,1.0,1.0,0.57,0.59,0.02,156.5
4521,3,116,17632,1.0,1.0,2.0,1.0,1.0,0.57,0.45,4.71,60.0
4522,3,15,2469,3.0,2.0,3.0,1.0,1.0,0.67,0.62,0.25,124.33
4523,4,10,532,4.0,4.0,4.0,0.9,0.9,0.4,0.41,0.0,104.25
4533,5,54,21856,5.0,3.0,5.0,1.0,1.0,0.37,0.22,0.25,172.2
4534,6,110,45914,3.0,2.0,6.0,1.0,1.0,0.54,0.5,50.1,141.83
4535,6,201,69996,2.0,2.0,6.0,0.99,1.0,0.05,0.01,97.43,120.33
4536,5,156,115602,5.0,3.0,5.0,1.0,1.0,0.33,0.13,33.18,148.0
4537,9,99,34408,6.0,4.0,8.0,1.0,1.0,0.44,0.42,74.8,141.22
4538,3,33,15041,2.0,1.0,2.0,1.0,1.0,0.3,0.09,54.93,158.33
4539,10,180,94923,4.0,3.0,8.0,1.0,1.0,0.38,0.32,3.42,118.8
4540,1,10,722,1.0,1.0,1.0,1.0,1.0,0.5,0.45,0.03,124.0
4541,19,561,192183,9.0,4.0,14.0,1.0,1.0,0.51,0.5,36.65,126.05
4542,7,22,7000,7.0,6.0,7.0,1.0,1.0,0.09,0.01,0.99,144.57
4543,5,43,17505,3.0,3.0,5.0,1.0,1.0,0.23,0.1,75.1,170.8
4544,4,33,3181,4.0,3.0,4.0,1.0,1.0,0.76,0.81,69.2,188.0
4545,7,109,33036,5.0,3.0,7.0,0.98,1.0,0.34,0.26,92.81,127.57
4546,5,43,16105,4.0,3.0,5.0,1.0,1.0,0.28,0.11,2.25,221.8
4547,6,83,21078,4.0,2.0,6.0,1.0,1.0,0.48,0.21,107.22,130.5
4548,4,65,18011,3.0,1.0,3.0,1.0,1.0,0.4,0.2,9.27,124.5
4549,3,68,24247,3.0,1.0,3.0,1.0,1.0,0.57,0.63,42.26,124.0
4551,2,2,80,1.0,1.0,2.0,1.0,1.0,0.5,0.5,0.0,116.5
4570,7,32,3821,5.0,7.0,7.0,0.94,0.93,0.44,0.47,0.23,164.43
4637,2,16,4639,2.0,2.0,2.0,0.94,0.99,0.94,0.99,0.48,88.0
4640,4,60,19287,3.0,2.0,3.0,1.0,1.0,0.48,0.2,5.43,58.25
4641,11,135,38697,8.0,4.0,9.0,0.99,1.0,0.56,0.38,34.19,97.27
4642,8,123,42742,5.0,3.0,7.0,0.99,1.0,0.43,0.15,37.64,106.62
4643,13,439,152055,9.0,5.0,13.0,0.8,0.7,0.51,0.5,37.79,121.0
4644,8,12,664,7.0,7.0,8.0,0.92,0.83,0.08,0.17,0.01,131.88
4645,1,4,160,1.0,1.0,1.0,1.0,1.0,1.0,1.0,0.0,60.0
4646,6,67,24171,4.0,4.0,5.0,1.0,1.0,0.45,0.38,0.48,101.0
4647,4,14,2417,2.0,2.0,3.0,1.0,1.0,0.86,0.96,2.37,116.25
4648,3,40,5501,2.0,3.0,3.0,1.0,1.0,0.62,0.72,0.4,54.33
4974,7,151,48358,6.0,5.0,7.0,0.42,0.89,0.39,0.89,0.64,169.0
4977,6,57,23107,5.0,5.0,6.0,1.0,1.0,0.21,0.12,1.17,85.5
4979,4,6,412,3.0,3.0,3.0,0.67,0.63,0.33,0.35,0.01,105.0
4982,7,38,12411,4.0,6.0,6.0,1.0,1.0,0.87,0.98,1.52,150.14
4983,5,27,6646,4.0,5.0,5.0,1.0,1.0,0.37,0.21,1.72,175.2
4985,3,87,53554,1.0,1.0,3.0,1.0,1.0,0.7,0.82,11.88,58.0
5063,21,248,83411,9.0,7.0,17.0,1.0,1.0,0.37,0.25,18.72,112.48
5064,10,266,96795,6.0,3.0,9.0,1.0,1.0,0.35,0.15,86.54,91.2
5066,9,337,40365,5.0,4.0,5.0,1.0,1.0,0.06,0.04,195.93,54.56
5067,2,17,1140,2.0,2.0,2.0,1.0,1.0,0.94,0.96,140.02,51.5
5068,4,100,8228,2.0,1.0,3.0,1.0,1.0,0.88,0.87,278.71,88.75
5070,2,113,8955,2.0,1.0,2.0,1.0,1.0,0.93,0.92,285.02,87.0
5072,3,94,7838,2.0,1.0,3.0,1.0,1.0,0.85,0.84,281.74,97.0
5073,8,390,46744,3.0,2.0,3.0,1.0,1.0,0.03,0.02,251.9,81.75
5074,4,11,891,4.0,4.0,4.0,1.0,1.0,0.09,0.04,70.0,70.5
5075,13,615,68594,5.0,4.0,5.0,1.0,1.0,0.26,0.2,223.88,91.62
5078,21,567,133069,6.0,3.0,13.0,1.0,0.99,0.39,0.24,55.72,91.48
5079,12,151,40079,3.0,3.0,9.0,0.82,0.73,0.7,0.5,53.0,70.67
5080,6,174,149005,5.0,3.0,5.0,0.45,0.15,0.28,0.05,31.59,89.5
5081,38,6302,6015232,6.0,5.0,15.0,0.11,0.03,0.49,0.51,40.31,106.74
5082,10,141,30419,4.0,1.0,8.0,1.0,1.0,0.7,0.45,97.32,65.6
5083,2,2,100,2.0,2.0,2.0,0.5,0.44,0.5,0.56,0.0,56.5
5084,5,161,14954,4.0,3.0,4.0,1.0,1.0,0.98,0.99,118.12,104.0
5086,5,15,664,5.0,5.0,5.0,1.0,1.0,0.67,0.6,0.22,91.4
5087,1,2,141,1.0,1.0,1.0,1.0,1.0,1.0,1.0,0.02,60.0
5088,3,36,2700,1.0,1.0,2.0,1.0,1.0,0.67,0.61,275.18,78.67
5089,5,8,581,3.0,5.0,5.0,1.0,1.0,0.25,0.22,5.01,142.4
5090,1,8,722,1.0,1.0,1.0,1.0,1.0,1.0,1.0,79.11,60.0
5105,1,7,491,1.0,1.0,1.0,1.0,1.0,0.57,0.52,0.07,92.0
5109,2,5,329,2.0,2.0,2.0,0.8,0.86,0.4,0.43,0.03,169.5
5119,4,56,18118,2.0,1.0,3.0,1.0,1.0,0.64,0.54,8.73,73.5
5120,14,157,56093,7.0,5.0,10.0,0.84,0.81,0.39,0.35,15.4,121.29
5121,8,59,12055,5.0,6.0,7.0,0.92,0.97,0.25,0.17,37.58,157.12
5122,21,674,133856,8.0,6.0,14.0,0.95,0.9,0.83,0.59,103.13,95.9
5123,15,268,53122,7.0,7.0,12.0,0.96,0.98,0.49,0.38,68.34,122.6
5124,12,143,46612,6.0,3.0,10.0,0.98,1.0,0.31,0.15,54.39,132.83
5125,10,699,539884,6.0,4.0,8.0,0.2,0.06,0.19,0.05,128.34,101.5
5126,14,84,44294,7.0,7.0,10.0,0.93,0.99,0.44,0.7,6.47,173.29
5127,15,2419,241011,9.0,6.0,12.0,0.99,0.95,0.49,0.52,78.66,143.47
5128,6,70,18560,3.0,4.0,5.0,0.83,0.95,0.59,0.25,45.19,152.83
5129,7,2387,264724,5.0,3.0,6.0,0.93,0.89,0.53,0.55,99.36,97.14
5130,12,9672,5313985,5.0,5.0,7.0,0.01,0.01,0.99,1.0,47.57,92.75
5131,15,898,212314,8.0,5.0,9.0,0.95,0.92,0.08,0.08,20.84,89.13
5132,7,138,45282,3.0,1.0,7.0,0.82,0.7,0.57,0.34,26.47,64.57
5133,18,977,332051,7.0,4.0,13.0,0.99,0.99,0.29,0.51,68.74,78.89
5134,8,58,16113,5.0,4.0,6.0,0.72,0.66,0.21,0.04,43.41,117.0
5135,15,1250,965503,8.0,4.0,11.0,0.92,0.95,0.35,0.08,80.42,77.53
5136,14,234,68044,5.0,3.0,7.0,0.86,0.96,0.67,0.51,67.96,68.43
5137,8,2094,205837,5.0,4.0,6.0,0.96,0.94,0.52,0.58,70.81,61.75
5200,4,113,22398,4.0,3.0,4.0,0.97,0.99,0.81,0.29,1.75,73.25
5201,11,89,48647,7.0,4.0,9.0,0.6,0.36,0.71,0.72,0.58,84.09
5203,4,51,5919,4.0,4.0,4.0,0.98,0.99,0.96,0.98,9.56,56.5
5216,58,889,241025,38.0,6.0,50.0,0.95,0.95,0.54,0.24,13.6,75.74
5218,5,776,480984,3.0,1.0,4.0,1.0,1.0,0.5,0.06,23.34,59.4
5219,12,81,4312,11.0,3.0,12.0,1.0,1.0,0.32,0.32,27.43,74.08
5227,13,187,93259,2.0,2.0,6.0,1.0,1.0,0.52,0.18,0.43,124.0
5228,3,26,12245,3.0,2.0,3.0,1.0,1.0,0.42,0.2,0.48,102.33
5231,2,26,8705,2.0,2.0,2.0,1.0,1.0,0.46,0.12,30.03,84.5
5233,4,39,4735,4.0,4.0,4.0,0.97,0.99,0.49,0.25,1.54,154.75
5234,2,47,11735,2.0,1.0,2.0,1.0,1.0,0.49,0.26,30.98,124.0
5235,3,18,4187,3.0,3.0,3.0,1.0,1.0,0.89,0.98,0.15,143.67
5236,7,1558,2036098,3.0,2.0,5.0,1.0,1.0,0.03,0.01,2.73,129.43
5238,3,13,1141,3.0,3.0,3.0,1.0,1.0,0.85,0.93,2.86,208.67
5239,4,17,1476,4.0,4.0,4.0,0.94,0.98,0.82,0.92,0.24,115.75
5245,1,17,2576,1.0,1.0,1.0,1.0,1.0,1.0,1.0,5.13,124.0
5252,25,806,230293,8.0,3.0,16.0,1.0,1.0,0.79,0.34,1.8,126.28
5253,52,12160,15375565,6.0,3.0,15.0,1.0,1.0,0.15,0.01,3.18,113.0
5254,15,1356,1634206,4.0,3.0,6.0,1.0,1.0,0.19,0.02,4.18,120.8
5255,7,1822,2643575,2.0,2.0,3.0,1.0,1.0,0.01,0.0,5.75,70.57
5256,22,3648,4340989,6.0,2.0,7.0,1.0,1.0,0.21,0.02,4.79,104.91
5257,6,7712,11420584,4.0,3.0,5.0,1.0,1.0,0.01,0.01,5.78,135.67
5258,2,10,661,2.0,2.0,2.0,1.0,1.0,0.5,0.44,0.01,188.0
5259,2,59,13049,2.0,2.0,2.0,1.0,1.0,0.49,0.15,31.12,124.0
5260,1,25,8450,1.0,1.0,1.0,1.0,1.0,0.48,0.13,60.12,124.0
5261,3,28,13153,2.0,2.0,2.0,1.0,1.0,0.57,0.45,0.3,165.33
5262,3,23,8658,3.0,3.0,3.0,0.96,1.0,0.39,0.13,0.06,140.67
5263,3,5,889,3.0,3.0,3.0,1.0,1.0,0.4,0.29,1.47,163.33
5264,5,29,10956,5.0,3.0,5.0,0.97,1.0,0.45,0.09,0.38,158.2
5266,20,10098,13989617,5.0,2.0,9.0,1.0,1.0,0.07,0.01,7.24,89.05
5267,12,10834,15727234,3.0,1.0,4.0,1.0,1.0,0.03,0.0,5.55,86.83
5270,5,20,6990,3.0,4.0,5.0,0.95,1.0,0.15,0.02,0.21,105.2
5271,3,25,12183,3.0,3.0,3.0,1.0,1.0,0.4,0.07,0.49,135.67
5274,1,25,5809,1.0,1.0,1.0,1.0,1.0,0.48,0.17,20.15,124.0
5276,5,111,44566,3.0,2.0,3.0,1.0,1.0,0.45,0.15,15.98,108.2
5278,7,117,84786,4.0,4.0,5.0,0.98,1.0,0.25,0.08,2.25,129.86
5279,6,18,1405,5.0,5.0,6.0,0.89,0.89,0.44,0.43,0.02,163.83
5281,2,2960,2103924,2.0,2.0,2.0,0.0,0.0,0.3,0.04,12.43,185.5
5282,2,10,661,2.0,2.0,2.0,1.0,1.0,0.5,0.44,0.01,186.0
5312,6,177,115724,4.0,5.0,6.0,0.99,1.0,0.38,0.1,1.52,122.0
5313,6,333,80281,5.0,3.0,6.0,0.34,0.48,0.91,0.73,10.35,87.83
5314,7,81,22362,5.0,5.0,7.0,0.72,0.45,0.57,0.63,11.11,86.0
5367,2,11,1603,2.0,2.0,2.0,1.0,1.0,0.91,0.98,0.38,156.5
5375,6,7,413,6.0,6.0,6.0,0.71,0.63,0.29,0.37,0.01,181.83
5379,3,117,55365,2.0,1.0,3.0,0.31,0.22,0.53,0.67,15.13,61.0
5385,2,22,14447,2.0,1.0,2.0,1.0,1.0,0.09,0.01,2.0,54.5
5388,6,49,18592,6.0,5.0,6.0,0.41,0.43,0.61,0.74,3.56,120.0
5390,9,190,80607,6.0,3.0,8.0,0.43,0.39,0.25,0.22,20.46,103.67
5391,6,146,56813,4.0,3.0,6.0,0.73,0.89,0.53,0.23,53.83,80.5
5392,9,42,16208,5.0,4.0,5.0,0.98,0.92,0.31,0.17,1.49,100.0
5395,7,361,249450,4.0,3.0,5.0,0.97,0.99,0.37,0.15,8.95,127.57
5396,7,38,26213,6.0,7.0,7.0,1.0,1.0,0.24,0.07,0.49,192.0
5400,6,642,536664,4.0,4.0,6.0,0.01,0.0,0.0,0.0,21.56,93.83
5402,3,27,6527,3.0,3.0,3.0,0.96,0.99,0.93,0.98,11.51,122.0
5404,5,24,7478,5.0,5.0,5.0,1.0,1.0,0.46,0.41,1.06,89.4
5405,2,6,324,2.0,2.0,2.0,0.17,0.14,0.83,0.86,0.0,154.0
5407,5,13,1592,4.0,4.0,4.0,0.92,0.96,0.77,0.92,0.02,134.2
5408,9,210,34617,3.0,4.0,7.0,0.96,0.78,0.4,0.33,23.4,66.11
5409,24,658,437594,8.0,6.0,11.0,0.9,0.94,0.46,0.34,8.37,71.67
5410,6,25,10263,5.0,4.0,5.0,0.92,0.99,0.12,0.02,10.25,89.0
5411,12,200,42017,4.0,7.0,8.0,0.36,0.32,0.6,0.6,31.06,140.5
5415,7,84,40562,7.0,3.0,7.0,1.0,1.0,0.25,0.13,9.24,82.29
5416,6,51,19629,4.0,2.0,5.0,1.0,1.0,0.22,0.15,6.89,151.17
5417,2,20,4136,2.0,1.0,2.0,1.0,1.0,0.3,0.2,9.38,61.5
5418,8,193,71401,5.0,3.0,6.0,0.23,0.31,0.72,0.68,21.47,85.5
5419,32,2599,1884509,7.0,3.0,10.0,0.53,0.59,0.42,0.18,24.86,69.41
5420,7,206,70745,3.0,2.0,5.0,0.88,0.85,0.58,0.36,27.91,64.29
5421,1,2,128,1.0,1.0,1.0,1.0,1.0,1.0,1.0,0.0,60.0
5422,3,34,12429,3.0,2.0,3.0,0.97,0.98,0.26,0.15,2.99,122.33
5423,7,64,33608,6.0,7.0,7.0,0.98,1.0,0.94,0.99,8.87,111.29
5424,12,761,800209,10.0,3.0,12.0,0.96,0.98,0.16,0.03,4.44,105.83
5425,19,37752,44603729,10.0,8.0,17.0,0.01,0.0,0.04,0.0,12.26,84.05
5426,5,78,31842,4.0,3.0,4.0,0.55,0.62,0.37,0.23,8.98,143.4
5427,9,276,88036,4.0,5.0,8.0,0.39,0.31,0.54,0.62,16.1,121.89
5428,3,3,192,2.0,2.0,3.0,0.33,0.21,0.67,0.79,0.0,122.67
5429,3,30,12958,3.0,3.0,3.0,0.03,0.0,0.53,0.4,0.18,183.33
5430,9,171,37390,5.0,5.0,6.0,0.09,0.03,0.44,0.53,28.62,112.78
5432,13,405,349649,3.0,3.0,6.0,0.74,0.71,0.23,0.11,6.08,74.31
5433,14,711,593657,7.0,2.0,10.0,0.67,0.71,0.21,0.06,8.65,66.71
5434,6,60,13088,5.0,5.0,6.0,0.82,0.77,0.8,0.77,7.17,93.83
5435,3,10,2957,1.0,3.0,3.0,0.1,0.01,0.9,0.99,0.05,123.33
5436,5,100,29590,4.0,3.0,5.0,0.67,0.48,0.11,0.21,22.26,107.2
5507,3,13,958,2.0,2.0,3.0,1.0,1.0,0.92,0.95,0.12,124.33
5514,11,424,335126,4.0,2.0,10.0,1.0,1.0,0.33,0.06,7.88,115.82
5515,27,671,301368,5.0,2.0,22.0,1.0,1.0,0.52,0.28,19.55,124.67
5521,19,418,236405,6.0,6.0,15.0,1.0,1.0,0.46,0.29,5.15,135.79
5522,17,315,210083,4.0,2.0,13.0,1.0,1.0,0.32,0.18,7.81,133.47
5526,11,162,50798,4.0,3.0,8.0,1.0,1.0,0.42,0.31,4.15,92.45
5527,10,326,100134,6.0,2.0,7.0,1.0,1.0,0.33,0.24,48.8,62.6
5528,16,258,86965,7.0,3.0,12.0,1.0,1.0,0.41,0.22,12.62,99.19
5529,12,149,31092,6.0,5.0,11.0,0.99,1.0,0.52,0.28,52.75,97.0
5530,14,503,87220,7.0,6.0,11.0,1.0,1.0,0.16,0.23,8.95,104.86
5531,3,13,5092,2.0,3.0,3.0,0.92,0.99,0.15,0.03,0.09,135.0
5533,5,58,12493,3.0,4.0,5.0,0.98,0.99,0.47,0.28,19.2,111.4
5534,5,59,16921,3.0,2.0,4.0,1.0,1.0,0.71,0.59,0.28,79.2
5535,3,15,1028,1.0,2.0,2.0,1.0,1.0,0.73,0.72,0.09,81.33
5536,20,1628,1462907,6.0,4.0,12.0,1.0,1.0,0.92,0.97,14.01,69.3
5537,8,113,27310,5.0,3.0,7.0,1.0,1.0,0.4,0.18,43.92,92.88
5538,7,510,168015,3.0,3.0,6.0,1.0,1.0,0.44,0.14,82.73,96.0
5540,9,164,30065,4.0,4.0,8.0,1.0,1.0,0.19,0.15,46.16,94.56
5541,6,86,23197,3.0,1.0,4.0,1.0,1.0,0.64,0.45,10.31,70.67
5542,6,78,16654,2.0,2.0,4.0,1.0,1.0,0.53,0.4,50.18,69.67
5544,6,246,72125,4.0,2.0,6.0,0.7,0.85,0.78,0.31,53.87,65.33
5545,9,156,43998,6.0,4.0,8.0,1.0,1.0,0.42,0.24,17.65,88.89
5546,15,448,291855,9.0,4.0,12.0,1.0,1.0,0.36,0.1,6.58,88.2
5547,13,651,134974,6.0,2.0,7.0,1.0,1.0,0.12,0.09,14.29,70.08
5548,12,93,34320,6.0,6.0,10.0,1.0,1.0,0.19,0.15,14.86,130.08
5561,2,5,260,2.0,2.0,2.0,1.0,1.0,0.8,0.85,0.05,157.0
5635,3,12,1226,3.0,3.0,3.0,1.0,1.0,0.83,0.93,0.07,55.0
6083,4,43,20995,4.0,3.0,4.0,1.0,1.0,0.33,0.14,8.15,154.25
6084,7,64,10058,6.0,6.0,7.0,1.0,1.0,0.81,0.47,15.28,141.14
6087,3,3,154,3.0,3.0,3.0,0.33,0.26,0.33,0.36,0.0,119.67
6089,6,73,17905,6.0,5.0,6.0,1.0,1.0,0.52,0.45,18.56,154.67
6093,4,49,4253,3.0,3.0,3.0,1.0,1.0,0.88,0.93,0.41,107.5
6094,5,27,9332,4.0,3.0,4.0,0.96,0.98,0.11,0.02,0.62,173.0
6099,2,23,3786,2.0,1.0,2.0,1.0,1.0,0.52,0.79,41.01,61.5
6101,9,314,154973,7.0,5.0,9.0,1.0,1.0,0.33,0.2,24.04,80.44
6107,45,870,446566,11.0,5.0,29.0,1.0,1.0,0.44,0.23,15.71,125.07
6108,18,188,77705,5.0,4.0,12.0,1.0,1.0,0.64,0.54,32.35,149.83
6110,8,121,21083,6.0,3.0,6.0,1.0,1.0,0.5,0.35,91.31,165.88
6112,9,494,113091,3.0,4.0,6.0,1.0,1.0,0.1,0.08,33.07,121.44
6113,4,63,23482,3.0,3.0,3.0,1.0,1.0,0.29,0.17,2.55,154.25
6114,5,33,15452,3.0,3.0,4.0,1.0,1.0,0.33,0.11,0.58,171.2
6115,5,10,781,3.0,3.0,3.0,1.0,1.0,0.6,0.8,0.01,172.0
6116,4,59,21946,3.0,4.0,4.0,0.63,0.83,0.44,0.18,29.28,106.75
6118,8,237,67987,6.0,3.0,7.0,0.27,0.19,0.44,0.36,26.55,62.25
6120,6,42,21905,5.0,5.0,6.0,0.98,1.0,0.02,0.0,5.31,153.67
6122,8,386,207269,6.0,4.0,6.0,0.38,0.8,0.33,0.09,8.58,131.5
6123,8,71,12635,7.0,7.0,8.0,0.7,0.72,0.3,0.28,14.78,124.25
6124,16,290,190168,6.0,5.0,11.0,0.4,0.25,0.22,0.11,10.91,84.25
6125,7,95,21560,3.0,3.0,5.0,1.0,1.0,0.16,0.08,10.86,121.86
6127,4,69,26686,4.0,4.0,4.0,0.03,0.0,0.43,0.44,0.15,107.0
6128,7,81,18031,4.0,4.0,4.0,1.0,1.0,0.52,0.73,1.58,168.29
6129,3,51,22343,2.0,2.0,3.0,1.0,1.0,0.33,0.28,21.5,121.33
6130,7,303,31695,4.0,5.0,6.0,1.0,1.0,0.8,0.47,7.87,147.43
6132,4,48,13307,3.0,2.0,4.0,1.0,1.0,0.52,0.35,15.68,106.75
6133,3,28,11832,3.0,3.0,3.0,0.04,0.0,0.54,0.45,0.07,123.33
6134,3,66,22791,3.0,1.0,3.0,0.67,0.69,0.41,0.24,36.89,70.67
6135,4,33,8735,3.0,2.0,3.0,1.0,1.0,0.52,0.31,7.79,155.0
6136,6,68,32338,4.0,3.0,4.0,1.0,1.0,0.96,1.0,5.87,155.0
6137,5,29,14831,2.0,2.0,2.0,0.14,0.01,0.41,0.59,0.05,212.0
6138,9,81,21661,8.0,6.0,8.0,0.94,0.99,0.46,0.3,5.51,141.67
6139,11,125,43434,6.0,4.0,8.0,0.52,0.53,0.7,0.57,9.84,144.18
6140,10,476,278694,4.0,2.0,8.0,0.96,0.96,0.47,0.16,24.01,98.0
6141,6,77,36863,3.0,2.0,5.0,1.0,1.0,0.18,0.06,11.74,88.67
6229,4,57,29208,4.0,3.0,4.0,1.0,1.0,0.3,0.06,0.05,108.5
6230,2,19,2083,2.0,1.0,2.0,1.0,1.0,0.53,0.69,6.85,59.5
6241,5,14,1662,4.0,4.0,4.0,1.0,1.0,0.71,0.87,0.02,213.4
6243,4,18,3497,3.0,4.0,4.0,0.94,0.98,0.83,0.96,7.88,98.75
6249,4,30,4367,2.0,2.0,2.0,1.0,1.0,0.9,0.97,0.19,204.0
6250,6,30,3625,4.0,4.0,5.0,0.97,0.98,0.4,0.45,0.07,125.83
6252,6,22,7039,5.0,6.0,6.0,1.0,1.0,0.09,0.02,14.32,164.0
6253,6,83,14648,5.0,5.0,6.0,0.99,0.99,0.46,0.44,0.2,89.17
6254,4,15,1082,4.0,4.0,4.0,1.0,1.0,0.27,0.25,0.15,162.25
6257,2,10,1696,2.0,2.0,2.0,1.0,1.0,0.9,0.98,0.32,156.0
6258,3,5,200,3.0,3.0,3.0,1.0,1.0,0.6,0.6,2.93,121.67
6260,3,17,3709,3.0,3.0,3.0,0.94,0.98,0.47,0.55,0.43,187.33
6261,4,1406,1291316,4.0,2.0,4.0,0.95,0.96,0.35,0.03,24.93,68.0
6262,11,77,18564,5.0,5.0,7.0,0.71,0.42,0.7,0.78,3.65,132.09
6263,4,11,801,3.0,3.0,3.0,1.0,1.0,0.82,0.9,0.24,156.0
6264,7,49,5296,3.0,4.0,6.0,1.0,1.0,0.8,0.88,7.63,87.57
6267,7,115,31497,3.0,3.0,6.0,0.75,0.36,0.45,0.26,8.6,64.57
6268,9,352,98882,7.0,7.0,7.0,1.0,1.0,0.04,0.01,1.54,110.44
6269,5,23,3826,3.0,3.0,3.0,1.0,1.0,0.43,0.86,18.52,133.8
6272,4,30,10402,3.0,4.0,4.0,0.03,0.0,0.63,0.52,10.31,56.25
6274,11,358,111746,3.0,3.0,7.0,0.66,0.49,0.78,0.79,14.55,79.55
6276,7,70,29194,4.0,3.0,5.0,1.0,1.0,0.27,0.11,0.26,82.86
6277,6,54,14894,5.0,6.0,6.0,1.0,1.0,0.61,0.89,9.87,128.17
6284,4,28,13148,3.0,2.0,4.0,0.64,0.12,0.79,0.97,8.99,68.0
6288,1,3,204,1.0,1.0,1.0,1.0,1.0,1.0,1.0,0.24,60.0
6289,3,3,142,3.0,3.0,3.0,0.67,0.56,0.33,0.44,0.0,186.33
6290,10,129,57446,7.0,5.0,7.0,1.0,1.0,0.28,0.1,1.25,172.7
6291,6,29,6357,6.0,2.0,6.0,0.97,0.97,0.31,0.09,10.31,66.17
6366,4,34,3731,4.0,3.0,4.0,1.0,1.0,0.71,0.66,7.78,57.0
6371,7,223,133481,4.0,3.0,6.0,1.0,1.0,0.37,0.06,1.34,83.86
6372,3,13,704,3.0,3.0,3.0,1.0,1.0,0.38,0.4,0.02,80.33
6373,3,25,4138,3.0,2.0,3.0,0.96,0.99,0.96,0.99,1.13,124.33
6374,6,45,9520,4.0,4.0,5.0,1.0,1.0,0.6,0.28,0.93,92.5
6375,7,124,33036,3.0,1.0,6.0,1.0,1.0,0.81,0.8,22.84,66.43
6376,3,23,1257,3.0,3.0,3.0,0.96,0.94,0.91,0.91,90.07,122.33
6377,4,70,45924,4.0,3.0,4.0,1.0,1.0,0.33,0.08,0.71,156.25
6378,3,31,9210,3.0,3.0,3.0,1.0,1.0,0.45,0.27,2.1,120.67
6379,1,7,1068,1.0,1.0,1.0,1.0,1.0,1.0,1.0,0.17,60.0
6381,13,224,72065,7.0,2.0,10.0,1.0,1.0,0.55,0.3,25.68,63.0
6382,2,19,6212,1.0,2.0,2.0,1.0,1.0,0.89,0.97,0.73,57.0
6383,7,22,2044,7.0,6.0,7.0,1.0,1.0,0.55,0.77,0.13,105.86
6384,3,36,6764,3.0,2.0,3.0,1.0,1.0,0.42,0.25,10.17,53.0
6385,4,53,29045,4.0,3.0,4.0,1.0,1.0,0.08,0.01,31.29,119.25
6386,2,67,18674,1.0,1.0,1.0,1.0,1.0,0.54,0.31,5.76,60.0
6387,2,34,13502,2.0,2.0,2.0,1.0,1.0,0.5,0.1,0.12,52.5
6388,5,10,605,4.0,5.0,5.0,0.9,0.87,0.5,0.6,0.01,137.0
6389,3,53,19526,3.0,1.0,3.0,1.0,1.0,0.32,0.1,21.02,81.67
6390,3,57,20988,3.0,1.0,3.0,1.0,1.0,0.53,0.23,60.94,58.33
6391,5,111,36713,5.0,3.0,5.0,1.0,1.0,0.49,0.19,50.74,55.4
6393,6,68,17070,6.0,4.0,6.0,1.0,1.0,0.74,0.61,1.29,99.67
6395,1,12,684,1.0,1.0,1.0,1.0,1.0,0.5,0.5,56.82,60.0
6396,4,28,9842,4.0,4.0,4.0,1.0,1.0,0.46,0.24,0.04,151.0
6398,2,7,418,2.0,2.0,2.0,0.86,0.87,0.57,0.55,0.0,60.0
6399,4,8,508,4.0,4.0,4.0,0.5,0.4,0.5,0.6,0.54,101.75
6401,1,14,3549,1.0,1.0,1.0,1.0,1.0,0.57,0.57,0.08,60.0
6402,1,3,185,1.0,1.0,1.0,1.0,1.0,0.67,0.61,0.02,60.0
6404,4,4,180,4.0,4.0,4.0,1.0,1.0,0.25,0.22,0.0,202.5
6406,13,1372,720364,10.0,1.0,13.0,0.98,0.98,0.61,0.1,62.22,73.85
6407,7,1245,639351,4.0,2.0,5.0,1.0,1.0,0.05,0.01,50.55,84.86
6408,11,121,20449,4.0,5.0,8.0,1.0,1.0,0.64,0.59,16.14,120.82
6409,7,52,7246,7.0,7.0,7.0,1.0,1.0,0.46,0.53,0.23,167.29
6410,4,54,8461,2.0,2.0,2.0,1.0,1.0,0.69,0.82,15.35,56.25
6411,4,47,6870,3.0,3.0,3.0,1.0,1.0,0.6,0.68,10.24,154.0
6413,3,7,327,3.0,3.0,3.0,1.0,1.0,0.29,0.28,0.04,117.33
6414,5,55,12967,5.0,3.0,5.0,1.0,1.0,0.64,0.79,5.65,60.2
6418,4,48,5756,4.0,1.0,4.0,1.0,1.0,0.02,0.01,0.32,66.75
6419,4,5,451,4.0,4.0,4.0,0.8,0.51,0.2,0.09,0.0,203.25
6420,4,70,9499,3.0,3.0,4.0,1.0,1.0,0.51,0.59,0.46,68.0
6421,4,5,247,4.0,3.0,4.0,1.0,1.0,0.2,0.16,0.05,60.75
6425,4,17,1200,3.0,4.0,4.0,1.0,1.0,0.06,0.08,0.23,120.0
6426,4,13,2137,4.0,4.0,4.0,1.0,1.0,0.38,0.25,0.04,112.5
6428,6,12,592,4.0,4.0,5.0,1.0,1.0,0.42,0.41,0.02,88.83
6429,5,36,16108,4.0,5.0,5.0,0.11,0.01,0.33,0.38,0.13,211.6
6430,9,624,423781,6.0,3.0,7.0,0.96,0.97,0.47,0.06,0.33,105.44
6431,8,299,51509,5.0,3.0,6.0,1.0,1.0,0.21,0.15,36.67,106.25
6451,3,3,162,3.0,3.0,3.0,0.67,0.52,0.33,0.48,0.0,180.33
6479,2,20,7181,2.0,2.0,2.0,1.0,1.0,0.4,0.18,0.3,153.5
6480,3,35,15191,3.0,3.0,3.0,0.97,0.99,0.37,0.13,0.03,124.33
6481,2,12,1514,2.0,2.0,2.0,1.0,1.0,0.92,0.97,0.34,156.5
6512,2,131,121749,2.0,2.0,2.0,1.0,1.0,0.28,0.04,0.24,58.0
6520,3,68,17093,3.0,3.0,3.0,0.99,1.0,0.43,0.14,11.88,123.67
6522,1,1,60,1.0,1.0,1.0,0.0,0.0,1.0,1.0,0.0,60.0
6523,2,6,378,2.0,2.0,2.0,1.0,1.0,0.83,0.89,0.03,154.5
6524,2,6,378,2.0,2.0,2.0,1.0,1.0,0.83,0.89,0.02,153.5
6525,6,75,11248,2.0,3.0,4.0,0.73,0.88,0.63,0.29,45.13,60.0
6526,1,1,152,1.0,1.0,1.0,0.0,0.0,1.0,1.0,0.0,60.0
6527,1,1,126,1.0,1.0,1.0,0.0,0.0,1.0,1.0,0.0,60.0
6531,7,87,26531,6.0,5.0,7.0,0.77,0.65,0.44,0.56,25.27,141.29
6533,3,37,4324,1.0,3.0,3.0,1.0,1.0,0.54,0.7,3.33,60.0
6543,3,4,204,3.0,3.0,3.0,0.25,0.2,0.25,0.37,0.77,120.33
6544,2,37,23599,2.0,1.0,2.0,1.0,1.0,0.11,0.01,15.2,57.0
6545,9,292,111389,6.0,5.0,8.0,1.0,1.0,0.62,0.73,67.19,77.56
6546,8,99,19435,5.0,5.0,7.0,1.0,1.0,0.86,0.92,8.84,82.12
6547,6,108,59423,6.0,4.0,6.0,0.98,1.0,0.24,0.06,8.2,90.17
6548,4,5537,8232233,2.0,2.0,3.0,1.0,1.0,0.01,0.0,43.48,58.25
6549,2,10,1175,2.0,2.0,2.0,1.0,1.0,0.8,0.89,0.17,57.5
6552,2,12,1041,2.0,2.0,2.0,1.0,1.0,0.92,0.94,2.53,56.5
6554,3,41,19674,3.0,3.0,3.0,1.0,1.0,0.39,0.1,0.03,143.0
6555,4,63,22962,3.0,2.0,3.0,0.98,1.0,0.67,0.64,12.78,105.25
6557,4,8,472,4.0,4.0,4.0,1.0,1.0,0.62,0.73,1.27,151.5
6558,4,147,82970,3.0,2.0,3.0,1.0,1.0,0.57,0.18,1.21,107.25
6559,5,61,19001,3.0,4.0,4.0,0.98,0.99,0.61,0.72,7.91,100.4
6560,5,13,702,5.0,5.0,5.0,1.0,1.0,0.31,0.39,0.0,176.0
6566,4,74,22712,3.0,2.0,3.0,1.0,1.0,0.51,0.33,1.39,153.0
6567,9,302,104811,2.0,2.0,7.0,1.0,1.0,0.48,0.46,39.06,58.44
6568,5,186,77726,3.0,3.0,4.0,0.99,1.0,0.32,0.33,55.85,56.8
6569,5,173,47432,1.0,1.0,1.0,1.0,1.0,0.56,0.4,3.45,57.6
6570,6,37,13855,4.0,5.0,6.0,1.0,1.0,0.32,0.29,8.51,118.17
6677,3,48,13321,2.0,1.0,3.0,1.0,1.0,0.54,0.37,4.08,58.33
6678,4,54,15362,2.0,2.0,3.0,1.0,1.0,0.59,0.45,1.7,107.25
6686,6,68,29294,4.0,5.0,5.0,0.99,1.0,0.96,0.99,2.3,91.5
6690,2,3,196,2.0,2.0,2.0,0.33,0.22,0.67,0.78,0.01,153.0
6694,7,84,22716,5.0,3.0,7.0,1.0,1.0,0.58,0.51,4.75,55.14
6695,5,43,8132,2.0,2.0,4.0,1.0,1.0,0.95,0.99,2.7,97.6
6696,5,74,20179,2.0,2.0,4.0,0.99,1.0,0.61,0.38,1.38,94.6
6699,1,11,800,1.0,1.0,1.0,1.0,1.0,1.0,1.0,36.81,60.0
6705,2,39,7354,1.0,1.0,2.0,1.0,1.0,1.0,1.0,2.4,60.0
6709,4,8,516,4.0,4.0,4.0,1.0,1.0,0.62,0.76,0.01,198.75
6710,3,24,4546,3.0,3.0,3.0,1.0,1.0,0.92,0.98,11.45,184.33
6714,5,79,25160,2.0,3.0,5.0,1.0,1.0,0.2,0.17,13.42,94.6
6718,2,8,536,2.0,2.0,2.0,1.0,1.0,0.88,0.93,0.01,156.5
6720,11,1210,927411,9.0,1.0,9.0,1.0,1.0,0.42,0.04,4.75,59.91
6721,33,830,206002,14.0,3.0,29.0,1.0,1.0,0.61,0.46,26.4,68.15
6724,17,464,161640,11.0,5.0,14.0,1.0,1.0,0.61,0.38,11.04,96.47
6725,21,2551,1791799,13.0,2.0,19.0,1.0,1.0,0.48,0.08,14.83,80.24
6727,17,1593,774759,11.0,4.0,16.0,1.0,1.0,0.58,0.22,24.86,103.47
6728,23,736,241055,11.0,4.0,19.0,1.0,1.0,0.29,0.11,18.23,116.17
6730,5,66,17645,3.0,4.0,4.0,1.0,1.0,0.33,0.22,2.91,93.0
6731,2,3,188,2.0,2.0,2.0,1.0,1.0,0.67,0.77,0.01,51.5
6732,3,6,392,3.0,3.0,3.0,0.67,0.61,0.5,0.5,0.02,53.67
6736,3,8,567,3.0,3.0,3.0,0.88,0.87,0.75,0.79,0.01,121.67
6739,4,18,2059,3.0,3.0,3.0,1.0,1.0,0.83,0.91,0.06,55.25
6741,7,93,33034,3.0,3.0,5.0,1.0,1.0,0.34,0.21,6.29,83.14
6751,6,33,14746,5.0,6.0,6.0,1.0,1.0,0.58,0.7,0.03,129.0
6999,12,129,21557,6.0,6.0,8.0,0.86,0.76,0.52,0.63,2.09,178.92
7000,6,34,18301,4.0,4.0,4.0,1.0,1.0,0.85,0.99,3.37,220.0
7081,8,16,1749,2.0,2.0,2.0,1.0,1.0,0.56,0.84,0.01,228.88
7095,1,1,66,1.0,1.0,1.0,0.0,0.0,1.0,1.0,0.0,60.0
7098,4,17,2419,3.0,3.0,3.0,1.0,1.0,0.59,0.38,0.07,107.25
7099,4,2117,3008356,4.0,3.0,4.0,1.0,1.0,0.0,0.0,18.37,160.5
7101,3,11,4667,3.0,3.0,3.0,0.36,0.04,0.82,0.98,0.06,124.33
7102,3,7,359,3.0,2.0,3.0,1.0,1.0,0.71,0.74,0.0,121.0
7104,5,7,442,4.0,5.0,4.0,0.57,0.48,0.14,0.21,12.02,94.8
7105,9,120,41093,4.0,4.0,8.0,1.0,1.0,0.62,0.31,2.77,124.33
7106,2,5,891,2.0,2.0,2.0,1.0,1.0,0.4,0.7,2.57,151.5
7107,9,496,47875,7.0,5.0,9.0,1.0,1.0,0.93,0.77,12.66,87.67
7108,3,11,1175,2.0,1.0,2.0,1.0,1.0,0.64,0.72,8.19,53.33
7109,6,28890,43187382,5.0,2.0,5.0,1.0,1.0,0.0,0.0,142.58,91.5
7110,5,79,20118,5.0,3.0,5.0,1.0,1.0,0.95,0.98,57.0,98.6
7111,3,153,18950,2.0,1.0,2.0,1.0,1.0,0.92,0.77,43.42,70.67
7112,8,753,715433,6.0,5.0,8.0,0.14,0.05,0.12,0.02,50.14,74.5
7113,1,2,92,1.0,1.0,1.0,1.0,1.0,0.5,0.43,0.08,92.0
7115,6,53,19490,5.0,4.0,6.0,0.42,0.09,0.04,0.01,11.44,101.67
7117,4,51,4874,3.0,3.0,4.0,1.0,1.0,0.96,0.98,30.33,100.5
7119,5,17,2334,4.0,3.0,4.0,1.0,1.0,0.53,0.52,7.57,96.2
7120,4,110,106860,1.0,1.0,4.0,0.0,0.0,0.22,0.09,7.38,68.0
7121,3,4,416,3.0,2.0,3.0,0.75,0.71,0.25,0.12,0.04,54.0
7122,9,3447,4967703,6.0,3.0,9.0,1.0,1.0,0.01,0.0,52.14,113.89
7123,7,120,70113,4.0,4.0,7.0,0.15,0.03,0.93,0.99,9.52,113.71
7125,6,164,126057,3.0,1.0,4.0,0.23,0.04,0.24,0.07,19.74,69.0
7126,13,118,48794,7.0,6.0,9.0,0.98,0.99,0.58,0.17,11.58,132.23
7127,12,49,6983,6.0,5.0,8.0,0.8,0.45,0.41,0.57,11.4,133.5
7128,3,9,887,3.0,3.0,3.0,0.89,0.93,0.56,0.49,0.01,124.33
7129,3,3,132,3.0,2.0,3.0,1.0,1.0,0.33,0.39,0.0,139.67
7132,2,2,92,2.0,2.0,2.0,1.0,1.0,0.5,0.57,0.0,156.5
7133,8,174,156462,4.0,4.0,6.0,0.13,0.04,0.2,0.09,0.09,89.88
7134,5,304,211004,5.0,4.0,5.0,0.04,0.01,0.02,0.0,3.73,61.8
7135,5,63,5265,4.0,4.0,5.0,1.0,1.0,0.84,0.86,34.36,133.4
7137,9,107,25220,2.0,4.0,4.0,1.0,1.0,0.44,0.39,14.41,92.11
7138,10,308,217803,7.0,4.0,8.0,1.0,1.0,0.31,0.09,27.58,103.6
7139,7,131,18185,4.0,4.0,6.0,1.0,1.0,0.83,0.77,8.32,119.0
7140,13,193,96629,5.0,3.0,9.0,0.81,0.73,0.71,0.68,20.68,108.0
7141,3,43,11478,3.0,2.0,3.0,1.0,1.0,0.98,1.0,4.3,123.0
7143,3,29,3140,3.0,1.0,3.0,1.0,1.0,0.34,0.48,8.61,54.67
7149,5,20,3505,4.0,5.0,5.0,0.75,0.76,0.75,0.89,0.14,134.2
7150,1,20,14771,1.0,1.0,1.0,0.0,0.0,0.2,0.18,0.09,60.0
7151,7,917,1048464,5.0,6.0,7.0,0.0,0.0,0.06,0.01,2.79,143.0
7152,5,38,11062,5.0,4.0,5.0,0.95,0.99,0.42,0.17,2.04,137.8
7153,14,2130,1778287,10.0,6.0,12.0,1.0,1.0,0.44,0.13,35.78,114.5
7154,8,185,224071,3.0,2.0,4.0,1.0,1.0,0.03,0.01,23.78,180.75
7155,6,35,4112,4.0,2.0,4.0,1.0,1.0,0.23,0.58,16.3,156.5
7156,6,41,14207,5.0,3.0,5.0,0.49,0.2,0.54,0.4,0.04,92.0
7157,10,68261,85531236,6.0,5.0,7.0,1.0,1.0,0.17,0.01,61.17,175.5
7158,9,78,23259,4.0,4.0,6.0,1.0,1.0,0.56,0.44,0.89,144.11
7159,6,20,2482,4.0,3.0,5.0,1.0,1.0,0.85,0.95,9.25,155.5
7160,11,3005,1623144,6.0,4.0,9.0,0.43,0.05,0.43,0.05,14.26,117.55
7161,20,2381,2743292,9.0,6.0,15.0,0.99,0.99,0.14,0.03,29.54,85.2
7162,11,1721,728072,5.0,6.0,6.0,0.0,0.0,0.55,0.72,20.73,187.91
7226,2,2,84,2.0,2.0,2.0,0.5,0.48,0.5,0.52,0.0,156.0
7239,9,46,13401,5.0,4.0,5.0,1.0,1.0,0.43,0.33,0.02,209.0
7240,42,768,432357,25.0,4.0,34.0,0.86,0.81,0.38,0.13,7.57,91.45
7244,2,3,178,2.0,2.0,2.0,1.0,1.0,0.33,0.22,0.04,154.5
7246,3,82,68820,3.0,3.0,3.0,0.01,0.0,0.17,0.08,1.22,188.33
7251,8,426,280376,5.0,1.0,8.0,1.0,1.0,0.63,0.91,16.4,64.0
7252,3,17,2363,2.0,2.0,2.0,1.0,1.0,0.53,0.62,0.05,53.33
7256,9,48,13433,7.0,5.0,7.0,0.98,0.99,0.46,0.36,0.03,165.56
7262,6,18,3073,5.0,5.0,5.0,1.0,1.0,0.72,0.93,0.03,184.83
7270,7,13,740,6.0,6.0,6.0,1.0,1.0,0.54,0.68,7.48,223.29
7272,8,13,682,3.0,3.0,3.0,1.0,1.0,0.23,0.41,0.0,227.75
7273,7,66,22826,4.0,3.0,5.0,1.0,1.0,0.52,0.31,5.8,194.43
7276,7,69,26339,6.0,5.0,7.0,0.97,0.99,0.75,0.73,4.19,112.43
7282,9,20702,25510586,5.0,4.0,8.0,0.0,0.0,0.0,0.0,34.19,135.44
7283,9,75,22965,7.0,5.0,8.0,1.0,1.0,0.29,0.18,0.17,157.78
7284,3,48,14689,3.0,2.0,3.0,1.0,1.0,0.6,0.54,20.74,124.33
7285,4,41,3389,3.0,3.0,4.0,1.0,1.0,0.37,0.32,55.63,111.25
7293,13,297,173695,10.0,5.0,13.0,1.0,1.0,0.15,0.03,4.9,140.85
7294,28,491,272377,8.0,4.0,25.0,0.97,0.99,0.37,0.28,18.06,110.5
7295,16,140,53039,10.0,7.0,13.0,0.99,1.0,0.41,0.22,16.86,159.0
7296,11,1167,1407041,5.0,4.0,10.0,1.0,1.0,0.03,0.01,70.15,178.64
7297,9,63,35972,5.0,6.0,9.0,1.0,1.0,0.44,0.3,0.36,160.56
7298,167,31834,41530714,8.0,6.0,39.0,1.0,1.0,0.1,0.01,2.56,109.01
7299,60,18241,25098104,6.0,3.0,21.0,1.0,1.0,0.07,0.0,0.26,106.93
7300,5,88,25670,4.0,3.0,5.0,0.99,1.0,0.69,0.46,63.98,134.2
7301,6,56,18314,4.0,4.0,6.0,1.0,1.0,0.7,0.4,58.57,121.67
7304,7,32,4005,5.0,5.0,7.0,1.0,1.0,0.78,0.86,0.27,174.14
7305,8,96,25699,8.0,5.0,8.0,1.0,1.0,0.6,0.35,55.3,170.38
7306,20,4949,6949128,11.0,5.0,18.0,0.96,0.99,0.05,0.01,27.98,116.45
7310,19,565,248591,13.0,6.0,18.0,0.57,0.38,0.54,0.26,35.28,132.74
7311,17,525,449748,12.0,8.0,17.0,1.0,1.0,0.34,0.05,57.49,136.12
7312,16,332,268135,10.0,8.0,16.0,0.48,0.22,0.27,0.15,20.62,172.25
7313,5,117,60393,3.0,1.0,4.0,0.56,0.71,0.63,0.32,0.38,111.2
7314,14,490,210568,10.0,3.0,13.0,0.79,0.81,0.61,0.31,51.44,135.64
7315,14,368,199300,7.0,2.0,12.0,1.0,1.0,0.7,0.76,47.72,123.64
7316,14,346,113279,9.0,3.0,13.0,0.92,0.9,0.4,0.19,44.23,118.86
7317,15,93,32659,9.0,10.0,12.0,0.99,1.0,0.38,0.37,14.62,156.0
7318,2,10,640,2.0,2.0,2.0,1.0,1.0,0.5,0.68,43.48,83.5
7319,4,24,8635,4.0,4.0,4.0,1.0,1.0,0.42,0.11,0.02,115.5
7322,17,3396,3492977,8.0,6.0,15.0,1.0,1.0,0.24,0.02,5.56,117.94
7374,9,125,28276,6.0,6.0,9.0,1.0,1.0,0.65,0.37,3.64,164.0
7377,2,35,18529,2.0,2.0,2.0,0.03,0.0,0.51,0.51,1.72,154.5
7381,5,26,11906,5.0,5.0,5.0,0.96,0.99,0.04,0.01,12.22,132.6
7386,22,268,124311,9.0,4.0,14.0,1.0,1.0,0.46,0.29,8.0,139.64
7388,15,2584,2875346,10.0,5.0,15.0,1.0,1.0,0.25,0.03,50.13,143.07
7389,17,353,48244,11.0,5.0,15.0,1.0,1.0,0.84,0.67,53.43,148.24
7390,5,35,22434,4.0,5.0,5.0,0.97,1.0,0.51,0.72,0.17,185.8
7391,9,110,27070,4.0,2.0,8.0,1.0,1.0,0.35,0.33,55.38,157.0
7392,10,244,63361,8.0,4.0,10.0,1.0,1.0,0.64,0.52,65.52,120.4
7393,10,715,656002,5.0,4.0,10.0,1.0,1.0,0.25,0.04,73.81,173.6
7394,57,1402,741920,21.0,1.0,45.0,0.97,0.97,0.42,0.37,24.17,115.21
7395,109,4934,2708126,23.0,2.0,79.0,1.0,1.0,0.49,0.39,80.76,123.24
7396,9,359,253388,6.0,2.0,9.0,1.0,1.0,0.45,0.06,111.62,138.33
7397,8,2352,1090528,4.0,2.0,8.0,0.05,0.05,0.98,0.97,47.59,111.38
7398,19,19592,24760216,6.0,4.0,10.0,0.54,0.54,0.07,0.0,30.76,116.58
7399,40,3101,3339509,14.0,2.0,34.0,0.99,0.99,0.22,0.03,46.2,127.38
7400,14,282,148876,8.0,5.0,11.0,1.0,1.0,0.38,0.07,117.11,146.5
7401,10,2645,2619687,8.0,3.0,10.0,0.17,0.16,0.2,0.07,75.91,126.0
7402,24,1499,1280094,11.0,3.0,21.0,0.35,0.27,0.31,0.11,82.7,124.92
7403,39,872,412057,19.0,5.0,34.0,1.0,1.0,0.43,0.21,95.16,148.23
7404,10,3749,3775731,9.0,3.0,10.0,1.0,1.0,0.22,0.02,144.51,128.9
7405,30,465,237212,11.0,1.0,22.0,0.88,0.79,0.34,0.23,26.81,155.17
7406,78,4212,3424863,28.0,2.0,59.0,0.86,0.89,0.33,0.1,55.79,121.95
7407,10,132,18938,9.0,7.0,10.0,1.0,1.0,0.2,0.58,76.82,158.0
7410,3,3,183,2.0,2.0,2.0,0.33,0.22,0.67,0.78,0.0,123.0
7417,2,2,620,2.0,2.0,2.0,0.5,0.07,0.5,0.93,0.0,58.5
7418,4,49,22149,3.0,3.0,4.0,1.0,1.0,0.37,0.23,8.11,119.25
7419,3,45,9557,3.0,2.0,3.0,1.0,1.0,0.64,0.32,0.24,124.33
7423,8,80,23302,7.0,4.0,8.0,1.0,1.0,0.28,0.18,12.08,130.0
7430,6,34,9820,5.0,4.0,5.0,0.97,0.99,0.59,0.31,0.18,156.33
7431,2,12,2048,2.0,2.0,2.0,1.0,1.0,0.92,0.98,2.31,51.5
7444,5,37,8936,2.0,3.0,4.0,1.0,1.0,0.24,0.12,21.33,72.8
7517,12,227,71712,6.0,7.0,12.0,0.99,1.0,0.42,0.23,14.97,123.0
7518,6,34,7201,6.0,4.0,6.0,0.97,0.99,0.85,0.97,5.41,154.33
7519,4,23,8405,4.0,4.0,4.0,0.96,0.99,0.04,0.01,0.06,71.0
7520,9,229,109342,4.0,4.0,6.0,0.29,0.18,0.4,0.25,11.54,91.67
7521,13,251,64161,6.0,3.0,12.0,0.74,0.83,0.4,0.29,15.55,78.23
7522,6,237,106941,3.0,2.0,5.0,0.95,0.97,0.43,0.33,12.05,63.33
7523,6,56,11015,5.0,4.0,5.0,0.98,0.99,0.61,0.25,0.38,155.0
7524,3,111,21203,2.0,2.0,3.0,0.55,0.43,0.99,1.0,31.0,124.0
7525,7,95,34180,4.0,3.0,5.0,1.0,1.0,0.53,0.26,3.25,113.14
7527,9,208,33532,3.0,5.0,6.0,0.52,0.44,0.3,0.3,16.75,72.89
7528,9,289,131461,4.0,2.0,6.0,0.81,0.83,0.28,0.2,8.28,61.89
7529,8,112,47562,7.0,4.0,7.0,0.39,0.37,0.4,0.33,7.05,158.12
7530,4,33,7765,3.0,3.0,3.0,0.67,0.91,0.33,0.25,7.83,112.5
7531,10,134,54733,5.0,6.0,8.0,0.64,0.72,0.7,0.75,7.43,98.6
7532,9,120,60797,5.0,3.0,8.0,0.62,0.65,0.56,0.29,1.26,79.78
7533,5,43,16992,4.0,4.0,5.0,0.98,0.97,0.28,0.1,6.94,105.8
7534,5,565,753398,3.0,3.0,5.0,1.0,1.0,0.02,0.0,47.75,67.6
7537,2,44,19740,2.0,2.0,2.0,1.0,1.0,0.41,0.11,0.06,52.5
7547,22,372,106559,7.0,3.0,13.0,1.0,1.0,0.42,0.24,28.33,65.0
7548,7,40,11132,7.0,7.0,7.0,0.95,0.99,0.48,0.19,4.43,110.29
7549,7,83,19245,4.0,2.0,5.0,1.0,1.0,0.83,0.63,14.64,64.57
7550,12,153,43882,5.0,6.0,8.0,1.0,1.0,0.52,0.27,13.85,98.58
7551,4,7,671,4.0,4.0,4.0,1.0,1.0,0.29,0.68,0.01,154.0
7559,16,1648,1975401,9.0,4.0,13.0,1.0,1.0,0.24,0.12,9.67,114.38
7560,17,326,157950,5.0,3.0,17.0,1.0,1.0,0.57,0.4,22.34,137.82
7561,19,454,265114,4.0,3.0,12.0,1.0,1.0,0.4,0.35,21.44,119.0
7562,8,74,24772,7.0,6.0,8.0,1.0,1.0,0.84,0.93,38.36,163.0
7563,21,486,198379,9.0,5.0,17.0,1.0,1.0,0.29,0.12,50.51,137.33
7564,6,172,15625,5.0,2.0,6.0,1.0,1.0,0.42,0.22,107.01,131.83
7565,11,296,132281,6.0,4.0,11.0,1.0,1.0,0.47,0.2,31.08,133.27
7661,8,11,2172,4.0,5.0,5.0,0.64,0.17,0.18,0.42,0.25,154.38
7662,3,12,1250,3.0,3.0,3.0,0.83,0.93,0.83,0.93,1.56,56.0
7663,6,20,6085,5.0,6.0,6.0,0.2,0.03,0.8,0.97,1.18,185.33
7664,3,2468,2730606,2.0,3.0,3.0,0.01,0.0,0.11,0.02,19.75,123.33
7665,1,59,7169,1.0,1.0,1.0,1.0,1.0,1.0,1.0,117.42,60.0
7685,1,1368,100142,1.0,1.0,1.0,1.0,1.0,1.0,1.0,3.22,60.0
7686,8,104,56095,6.0,4.0,8.0,1.0,1.0,0.41,0.54,6.35,103.0
7687,12,187,41689,6.0,5.0,6.0,1.0,1.0,0.45,0.37,26.32,121.92
7688,9,151,49723,2.0,2.0,4.0,1.0,1.0,0.37,0.19,1.99,78.11
7689,3,39,11508,2.0,2.0,2.0,1.0,1.0,0.44,0.27,1.73,122.33
7691,3,36,7906,2.0,2.0,3.0,1.0,1.0,1.0,1.0,10.97,60.0
7692,7,92,34931,5.0,3.0,6.0,0.99,1.0,0.27,0.15,0.92,101.43
7693,5,49,12894,2.0,3.0,5.0,1.0,1.0,0.51,0.34,1.12,68.6
7694,10,94,25726,5.0,6.0,8.0,0.83,0.7,0.61,0.53,1.19,135.5
7695,6,92,32164,2.0,2.0,2.0,1.0,1.0,0.28,0.21,1.62,88.5
7712,8,290,331907,6.0,6.0,6.0,0.05,0.01,0.99,1.0,0.14,130.62
7713,2,9,1451,2.0,2.0,2.0,0.89,0.85,0.89,0.85,0.06,152.5
7714,12,77,20973,4.0,5.0,10.0,0.58,0.49,0.66,0.62,7.36,73.67
7715,18,524,232265,9.0,8.0,16.0,0.58,0.32,0.49,0.69,15.65,97.72
7716,7,203,79090,3.0,3.0,6.0,1.0,1.0,0.46,0.59,85.56,55.43
7717,8,2055,1586989,3.0,5.0,8.0,0.05,0.01,0.97,0.99,55.5,95.88
7718,9,101,24786,4.0,4.0,7.0,0.74,0.33,0.42,0.4,17.76,113.56
7719,10,47661,58962788,4.0,5.0,8.0,0.0,0.0,0.0,0.0,60.51,101.2
7988,15,24566,28031255,9.0,4.0,12.0,1.0,1.0,0.18,0.03,12.51,117.93
7989,13,147,32305,7.0,4.0,8.0,0.97,0.99,0.42,0.38,0.17,98.15
8096,6,146,44618,4.0,3.0,6.0,0.98,1.0,0.16,0.07,30.53,65.0
8103,2,51,30940,2.0,1.0,2.0,1.0,1.0,0.43,0.07,0.11,60.0
8104,2,879,603051,2.0,2.0,2.0,0.0,0.0,0.31,0.22,19.9,155.0
8105,6,132,92525,5.0,4.0,6.0,0.8,0.8,0.45,0.21,12.03,119.67
8106,6,40,11460,5.0,6.0,6.0,1.0,1.0,0.48,0.81,1.77,185.83
8107,10,62,4284,7.0,7.0,9.0,1.0,1.0,0.45,0.46,27.02,176.4
8109,3,33,10289,3.0,2.0,3.0,1.0,1.0,0.91,0.98,20.46,122.0
8110,5,70,6707,1.0,1.0,4.0,1.0,1.0,0.6,0.69,54.07,66.4
8113,2,16,3591,1.0,2.0,2.0,1.0,1.0,0.62,0.58,0.11,60.0
8117,3,35,5286,2.0,1.0,3.0,1.0,1.0,0.97,0.99,24.28,82.0
8118,2,48,11182,2.0,1.0,2.0,1.0,1.0,0.52,0.56,98.02,60.0
8119,6,21,1527,3.0,4.0,6.0,1.0,1.0,0.43,0.32,0.55,160.67
8120,3,3,136,3.0,3.0,3.0,1.0,1.0,0.33,0.38,0.0,118.67
8121,5,16,1290,4.0,5.0,4.0,0.88,0.82,0.12,0.18,5.62,101.0
8124,3,15,4475,3.0,3.0,3.0,0.93,0.99,0.53,0.14,0.04,121.0
8125,2,2,133,2.0,2.0,2.0,0.5,0.3,0.5,0.7,0.0,156.5
8126,2,29,17201,2.0,2.0,2.0,0.03,0.0,0.38,0.38,0.09,52.5
8139,5,13,1564,3.0,5.0,5.0,0.85,0.93,0.15,0.07,0.05,180.6
8140,19,496,156343,6.0,4.0,10.0,0.62,0.68,0.55,0.58,30.25,91.74
8158,21,1101,902629,8.0,5.0,15.0,0.26,0.1,0.23,0.05,3.73,115.67
8159,14,411,156182,4.0,2.0,10.0,0.77,0.8,0.6,0.28,5.55,91.14
8172,10,30,7913,4.0,6.0,6.0,0.97,0.99,0.17,0.1,6.11,173.1
8174,13,129,25472,7.0,3.0,12.0,1.0,1.0,0.71,0.43,6.76,92.77
8175,3,23,3897,2.0,2.0,2.0,1.0,1.0,0.91,0.98,0.2,188.0
8177,23,625,234208,6.0,8.0,15.0,0.99,1.0,0.51,0.41,10.27,108.3
8178,9,30,6127,5.0,6.0,6.0,0.97,0.99,0.57,0.85,3.98,184.67
8179,16,254,50305,7.0,4.0,9.0,0.95,0.85,0.74,0.44,1.24,121.69
8180,3,13,696,3.0,3.0,3.0,0.15,0.11,0.85,0.89,10.06,187.67
8183,8,9,468,4.0,4.0,4.0,0.67,0.56,0.33,0.44,0.0,184.0
8185,19,1931,1725230,10.0,5.0,15.0,0.98,1.0,0.41,0.08,22.37,112.26
8186,22,715,191702,13.0,7.0,19.0,0.39,0.37,0.75,0.72,11.02,121.82
8187,5,20,1914,3.0,4.0,4.0,0.95,0.98,0.85,0.94,0.17,172.6
8194,10,127,39396,8.0,4.0,9.0,1.0,1.0,0.09,0.04,6.21,117.7
8195,9,98,30166,7.0,5.0,7.0,1.0,1.0,0.67,0.36,0.11,187.89
8196,9,28,4126,4.0,4.0,4.0,1.0,1.0,0.68,0.9,0.15,208.67
8198,8,43,7986,6.0,5.0,6.0,0.98,1.0,0.7,0.92,1.25,169.38
8200,3,13,688,3.0,3.0,3.0,1.0,1.0,0.46,0.45,0.01,188.33
8202,10,29,4127,4.0,4.0,4.0,1.0,1.0,0.69,0.91,0.05,232.9
8207,10,96,24260,4.0,4.0,5.0,1.0,1.0,0.65,0.38,0.15,135.3
8218,7,37,7615,4.0,5.0,5.0,1.0,1.0,0.84,0.97,1.62,205.86
8226,6,15,1846,3.0,3.0,3.0,1.0,1.0,0.4,0.37,8.17,220.17
8229,8,9,469,6.0,6.0,6.0,0.78,0.6,0.11,0.16,0.0,178.12
8242,10,34,9914,5.0,5.0,6.0,0.94,0.99,0.44,0.46,0.15,192.5
8243,6,47,17138,6.0,6.0,6.0,1.0,1.0,0.91,0.99,0.92,153.17
8244,9,99,30994,3.0,3.0,5.0,1.0,1.0,0.76,0.8,10.72,143.0
8245,4,44,15681,2.0,2.0,2.0,1.0,1.0,0.93,0.99,1.34,204.0
8246,9,240,80825,4.0,3.0,5.0,1.0,1.0,0.32,0.3,4.7,165.44
8247,4,22,4174,3.0,3.0,3.0,1.0,1.0,0.86,0.97,0.78,152.0
8248,4,15,792,2.0,2.0,2.0,0.2,0.15,0.8,0.85,20.95,204.0
8254,8,24,7483,4.0,4.0,5.0,1.0,1.0,0.29,0.13,0.08,200.88
8259,3,13,762,2.0,2.0,2.0,1.0,1.0,0.85,0.9,81.67,188.0
8261,8,85,23202,4.0,4.0,4.0,1.0,1.0,0.75,0.6,0.51,203.12
8264,10,85,36308,7.0,7.0,7.0,1.0,1.0,0.64,0.28,6.08,153.6
8267,8,11,582,5.0,6.0,6.0,1.0,1.0,0.27,0.29,0.03,205.5
8269,4,4,259,3.0,3.0,3.0,0.75,0.46,0.25,0.54,0.0,203.5
8270,8,21,3806,4.0,4.0,4.0,1.0,1.0,0.67,0.93,0.54,226.25
8273,9,240,211595,7.0,5.0,7.0,0.99,1.0,0.37,0.04,1.69,122.0
8274,4,9,426,4.0,4.0,4.0,0.78,0.8,0.33,0.33,0.32,203.25
8275,8,11,512,6.0,6.0,6.0,1.0,1.0,0.36,0.43,0.73,183.62
8277,3,50,13813,3.0,2.0,3.0,1.0,1.0,0.54,0.22,2.29,123.33
8279,7,110,34381,4.0,3.0,5.0,1.0,1.0,0.54,0.36,2.47,168.57
8280,9,39,7797,6.0,7.0,8.0,0.97,1.0,0.41,0.24,0.05,162.0
8281,15,137,39461,9.0,7.0,13.0,0.99,1.0,0.64,0.51,2.11,138.93
8282,3,28,7226,2.0,2.0,2.0,1.0,1.0,0.5,0.24,21.56,188.0
8283,7,40,15597,4.0,4.0,4.0,1.0,1.0,0.35,0.15,3.64,195.29
8284,7,60,17945,5.0,3.0,5.0,1.0,1.0,0.47,0.23,9.59,196.43
8285,7,89,27405,4.0,3.0,4.0,1.0,1.0,0.02,0.0,0.15,222.86
8287,5,5,413,3.0,2.0,3.0,0.6,0.29,0.2,0.63,0.0,175.2
8289,8,8,320,4.0,4.0,4.0,1.0,1.0,0.12,0.12,0.0,202.62
8292,7,26,7121,5.0,5.0,5.0,1.0,1.0,0.42,0.32,0.05,223.0
8294,12,204,99979,7.0,4.0,10.0,1.0,1.0,0.42,0.21,2.66,154.5
8295,5,15,1035,4.0,2.0,4.0,1.0,1.0,0.13,0.1,16.51,134.2
8302,18,253,105082,7.0,6.0,9.0,1.0,1.0,0.54,0.12,0.51,136.72
8303,4,5,270,4.0,4.0,4.0,0.8,0.68,0.2,0.32,0.25,153.25
8304,6,86,28975,4.0,3.0,4.0,1.0,1.0,0.5,0.3,0.03,124.0
8305,5,18,975,4.0,4.0,4.0,0.94,0.87,0.06,0.13,43.51,174.8
8369,3,34,10799,3.0,3.0,3.0,0.97,0.99,0.53,0.37,22.89,122.67
8376,2,2,122,2.0,2.0,2.0,0.5,0.36,0.5,0.64,0.0,153.0
8377,1,5,322,1.0,1.0,1.0,1.0,1.0,1.0,1.0,0.1,60.0
8379,5,6,403,5.0,5.0,5.0,0.83,0.62,0.17,0.38,0.2,131.2
8380,4,4,277,4.0,4.0,4.0,0.5,0.32,0.25,0.28,0.0,203.75
8381,4,43,11867,4.0,3.0,4.0,1.0,1.0,0.26,0.12,17.56,99.5
8382,3,7,485,2.0,3.0,3.0,1.0,1.0,0.29,0.24,0.09,134.67
8384,5,17,2645,4.0,5.0,5.0,0.94,0.97,0.82,0.95,0.11,174.2
8387,3,26,6333,3.0,3.0,3.0,1.0,1.0,0.5,0.22,0.03,72.67
8391,4,4,270,4.0,4.0,4.0,0.75,0.52,0.25,0.48,0.0,104.75
8395,8,71,14742,6.0,5.0,8.0,0.66,0.48,0.41,0.49,3.76,109.88
8396,6,2746,3287509,4.0,2.0,6.0,0.0,0.0,0.0,0.0,52.68,75.83
8397,3,5514,6181523,2.0,2.0,3.0,0.0,0.0,0.08,0.01,50.99,70.67
8400,5,46,19339,4.0,4.0,4.0,1.0,1.0,0.5,0.2,0.02,134.2
8401,7,71,23230,5.0,4.0,6.0,0.94,0.99,0.41,0.49,10.8,127.43
8402,4,5,244,4.0,4.0,4.0,1.0,1.0,0.2,0.16,0.27,153.5
8404,5,33,2919,2.0,4.0,4.0,1.0,1.0,0.21,0.16,40.49,90.0
8406,3,33,10382,1.0,2.0,3.0,0.7,0.17,0.52,0.89,28.3,70.67
8407,7,372,286822,4.0,3.0,5.0,1.0,1.0,0.37,0.07,12.16,138.86
8408,9,645,591472,5.0,3.0,7.0,0.12,0.05,0.18,0.05,11.49,95.0
8410,3,1477,219947,2.0,2.0,3.0,0.0,0.0,0.96,0.73,101.74,122.67
8411,4,6,311,3.0,3.0,4.0,0.67,0.63,0.33,0.35,0.05,114.75
8412,4,619,355440,3.0,1.0,3.0,0.96,0.97,0.5,0.24,9.68,60.0
8413,7,732,405377,4.0,2.0,6.0,0.98,0.96,0.49,0.26,12.29,114.57
8414,2,19,2811,2.0,1.0,2.0,1.0,1.0,0.68,0.46,0.15,76.0
8415,1,3,204,1.0,1.0,1.0,1.0,1.0,0.67,0.63,0.03,60.0
8417,9,4811,3216251,8.0,5.0,9.0,1.0,1.0,0.48,0.24,83.54,82.33
8419,5,2325,2834605,4.0,2.0,5.0,0.01,0.0,0.01,0.0,3.54,71.4
8420,3,19,1278,2.0,2.0,2.0,1.0,1.0,0.89,0.77,15.97,60.0
8422,4,19,3923,2.0,2.0,3.0,1.0,1.0,0.53,0.57,0.02,156.0
8423,4,4,224,3.0,2.0,3.0,0.5,0.36,0.5,0.64,0.0,156.0
8424,7,1246,1329877,5.0,5.0,5.0,0.01,0.0,0.21,0.02,0.29,113.0
8425,6,125,24874,3.0,2.0,4.0,1.0,1.0,0.78,0.59,21.96,161.33
8426,8,44,18795,6.0,4.0,6.0,0.98,0.99,0.32,0.16,4.96,171.38
8427,12,46,16088,3.0,3.0,4.0,0.46,0.08,0.41,0.36,0.04,190.75
8428,10,181,134122,5.0,5.0,7.0,0.97,0.97,0.4,0.07,0.05,155.2
8429,7,90,12800,4.0,4.0,4.0,1.0,1.0,0.53,0.63,39.99,194.43
8430,13,116,15908,5.0,5.0,8.0,0.84,0.5,0.66,0.57,46.8,162.46
8431,11,286,52202,6.0,4.0,9.0,1.0,1.0,0.57,0.51,41.98,114.82
8432,12,54,15404,4.0,4.0,6.0,0.96,0.99,0.33,0.19,0.1,193.17
8433,10,80,6721,8.0,5.0,9.0,1.0,1.0,0.3,0.43,16.09,118.6
8434,8,118,29162,4.0,4.0,5.0,0.58,0.34,0.7,0.6,6.17,140.12
8440,8,84,25689,4.0,3.0,6.0,1.0,1.0,0.64,0.51,4.54,155.12
8441,7,29,14375,3.0,3.0,3.0,1.0,1.0,0.24,0.16,0.19,196.14
8442,6,22,1757,3.0,3.0,3.0,1.0,1.0,0.18,0.16,11.01,184.17
8444,9,10,543,5.0,5.0,5.0,0.8,0.67,0.1,0.1,0.11,163.67
8445,8,47,22178,7.0,5.0,7.0,1.0,1.0,0.19,0.05,7.85,176.62
8532,10,56,8547,4.0,5.0,5.0,1.0,1.0,0.7,0.71,0.27,175.7
8534,5,28,6947,5.0,4.0,5.0,0.96,0.99,0.64,0.43,0.51,141.8
8535,7,18,1410,2.0,2.0,2.0,1.0,1.0,0.33,0.4,0.08,224.57
8536,1,10,1054,1.0,1.0,1.0,1.0,1.0,0.5,0.47,0.01,60.0
8540,6,31,12203,3.0,3.0,4.0,1.0,1.0,0.42,0.42,0.05,178.17
8541,4,4,160,2.0,2.0,2.0,1.0,1.0,0.25,0.25,0.0,204.0
8542,7,33,8063,4.0,4.0,5.0,1.0,1.0,0.52,0.26,0.1,165.43
8545,5,35,13931,3.0,3.0,3.0,1.0,1.0,0.49,0.21,0.93,175.8
8547,9,13,2385,5.0,5.0,5.0,0.92,0.98,0.46,0.88,0.0,209.0
8548,5,20,1626,3.0,2.0,3.0,1.0,1.0,0.85,0.93,0.03,175.2
8549,4,11,1777,2.0,2.0,3.0,1.0,1.0,0.27,0.1,0.03,164.0
8551,5,20,1988,4.0,4.0,4.0,0.95,0.96,0.7,0.79,0.11,77.8
8552,7,12,2392,5.0,6.0,5.0,1.0,1.0,0.58,0.89,0.01,173.29
8554,4,22,2994,3.0,3.0,3.0,1.0,1.0,0.41,0.48,0.01,152.25
8556,3,38,3311,3.0,3.0,3.0,1.0,1.0,0.53,0.5,8.77,124.0
8558,3,4,164,3.0,3.0,3.0,1.0,1.0,0.5,0.49,0.0,118.33
8559,1,1,40,1.0,1.0,1.0,1.0,1.0,1.0,1.0,0.0,60.0
8560,4,24,3094,4.0,4.0,4.0,1.0,1.0,0.46,0.5,0.03,202.25
8563,4,26,2521,3.0,3.0,3.0,0.96,0.97,0.42,0.44,0.12,155.25
8564,4,17,2317,3.0,3.0,3.0,1.0,1.0,0.47,0.61,0.04,155.0
8565,6,27,2756,6.0,6.0,6.0,0.93,0.88,0.41,0.48,0.59,100.5
8566,6,11,802,5.0,6.0,6.0,1.0,1.0,0.55,0.67,0.01,124.5
8568,3,15,7794,3.0,2.0,3.0,1.0,1.0,0.07,0.01,0.48,146.0
8569,5,15,1274,5.0,5.0,5.0,0.93,0.97,0.4,0.43,0.02,209.2
8571,4,8,616,4.0,4.0,4.0,1.0,1.0,0.62,0.81,0.01,172.0
8572,6,34,8351,3.0,3.0,4.0,1.0,1.0,0.15,0.05,0.12,182.33
8573,7,7,288,4.0,4.0,4.0,1.0,1.0,0.14,0.14,0.0,193.29
8593,7,124,70281,5.0,3.0,7.0,1.0,1.0,0.59,0.63,17.49,141.0
8716,17,255,92911,7.0,4.0,11.0,0.82,0.74,0.42,0.34,7.9,80.71
8717,5,55,18637,4.0,2.0,4.0,0.67,0.59,0.55,0.27,10.14,96.6
8718,5,48,17054,4.0,3.0,5.0,1.0,1.0,0.4,0.47,12.16,96.2
8719,4,46,17415,3.0,2.0,4.0,1.0,1.0,0.02,0.0,7.62,202.25
8720,14,307,110787,9.0,7.0,13.0,0.71,0.57,0.44,0.41,19.0,99.14
8721,6,83,20072,4.0,3.0,5.0,1.0,1.0,0.37,0.19,15.51,55.0
8722,15,4261,4852999,11.0,7.0,15.0,1.0,1.0,0.2,0.01,43.95,134.13
8723,6,54,17301,4.0,4.0,5.0,1.0,1.0,0.93,0.99,24.33,154.5
8724,8,109,30275,5.0,4.0,5.0,0.99,1.0,0.58,0.65,16.96,177.38
8725,9,159,52721,5.0,2.0,6.0,0.79,0.72,0.79,0.76,36.59,123.33
8726,11,25,2802,2.0,2.0,2.0,1.0,1.0,0.6,0.86,2.74,234.55
8727,8,227,23149,2.0,2.0,2.0,1.0,1.0,0.48,0.34,37.48,228.0
8728,20,378,302496,7.0,3.0,13.0,1.0,1.0,0.31,0.08,2.48,116.0
8729,13,1554,1623533,5.0,2.0,10.0,1.0,1.0,0.26,0.03,18.18,128.85
8730,7,288,145296,5.0,5.0,5.0,0.02,0.0,0.54,0.65,42.85,168.43
8732,10,564,739795,4.0,3.0,5.0,1.0,1.0,0.05,0.01,0.75,192.9
8733,8,520,460784,4.0,3.0,5.0,0.44,0.69,0.3,0.19,22.95,179.0
8734,15,4837,5309200,11.0,3.0,15.0,0.99,0.99,0.29,0.06,46.36,98.53
8735,22,723,385662,7.0,3.0,15.0,0.61,0.4,0.34,0.11,39.69,120.55
8736,22,1636,1889164,10.0,7.0,12.0,1.0,1.0,0.2,0.02,9.16,158.55
8737,7,71,19085,4.0,2.0,4.0,1.0,1.0,0.32,0.32,6.82,141.71
8738,20,731,404472,7.0,5.0,7.0,1.0,1.0,0.39,0.13,37.22,98.3
8739,16,163,53531,9.0,6.0,10.0,0.74,0.61,0.6,0.6,4.15,105.12
8740,15,793,451668,8.0,3.0,10.0,0.99,0.99,0.58,0.09,31.99,135.13
8741,22,92,18273,11.0,8.0,13.0,1.0,1.0,0.29,0.17,41.81,162.77
8742,13,313,131265,7.0,4.0,9.0,0.32,0.13,0.55,0.26,33.37,117.85
8743,10,171,71736,9.0,6.0,9.0,0.36,0.24,0.53,0.31,18.81,155.9
8744,6,103,34571,2.0,2.0,5.0,1.0,1.0,0.45,0.48,20.33,122.0
8746,9,378,150590,5.0,3.0,5.0,1.0,1.0,0.39,0.11,42.3,166.22
8747,8,40,9838,6.0,6.0,8.0,0.95,0.98,0.8,0.94,3.89,114.12
8748,11,45,10623,5.0,5.0,6.0,1.0,1.0,0.8,0.96,4.6,199.09
8749,11,104,42972,6.0,4.0,6.0,0.35,0.22,0.36,0.41,6.43,181.45
8750,5,92,32522,5.0,3.0,5.0,0.36,0.29,0.16,0.17,15.78,174.0
8752,10,35,9795,6.0,5.0,6.0,0.97,0.99,0.77,0.96,3.71,213.2
8753,22,203,66819,10.0,8.0,13.0,1.0,1.0,0.43,0.43,13.25,148.95
8754,6,9,1379,5.0,5.0,5.0,1.0,1.0,0.56,0.85,10.42,156.33
8756,4,4,172,3.0,2.0,3.0,0.5,0.47,0.25,0.33,0.0,155.25
8757,8,32,7432,8.0,7.0,8.0,0.41,0.23,0.5,0.52,0.15,129.75
8759,12,52,21079,4.0,3.0,5.0,0.98,1.0,0.25,0.14,0.1,186.92
8760,16,1738,2047303,6.0,5.0,7.0,1.0,1.0,0.19,0.01,19.84,142.38
8764,7,214,85066,3.0,3.0,3.0,0.1,0.07,0.54,0.62,22.62,169.43
8766,4,696,339144,4.0,4.0,4.0,0.0,0.0,0.54,0.62,74.83,152.5
8767,7,353,141054,4.0,5.0,6.0,0.01,0.0,0.52,0.62,27.71,169.43
8769,6,217,17778,3.0,3.0,3.0,1.0,1.0,0.49,0.33,49.93,197.33
8771,8,205,16871,7.0,7.0,7.0,1.0,1.0,0.48,0.33,36.91,176.75
8772,5,57,18968,4.0,4.0,5.0,1.0,1.0,0.42,0.51,12.15,172.6
8773,14,1320,1604407,7.0,4.0,8.0,1.0,1.0,0.03,0.0,15.94,167.86
8774,7,105,75219,6.0,5.0,6.0,0.98,1.0,0.45,0.08,0.99,101.57
8777,12,98,31181,4.0,3.0,7.0,0.79,0.79,0.39,0.25,5.1,122.75
8778,14,14,664,6.0,7.0,6.0,0.79,0.71,0.07,0.11,0.0,186.07
8780,3,13,694,3.0,3.0,3.0,1.0,1.0,0.54,0.65,0.01,121.33
8785,7,15,778,4.0,4.0,4.0,0.93,0.95,0.33,0.48,0.0,204.0
8788,4,9,523,4.0,4.0,4.0,0.89,0.89,0.67,0.74,12.17,203.0
8789,4,5,267,3.0,3.0,3.0,1.0,1.0,0.2,0.39,0.0,202.25
8791,6,6,314,5.0,5.0,5.0,0.67,0.52,0.17,0.24,0.0,185.33
8794,6,19,3814,2.0,2.0,2.0,1.0,1.0,0.74,0.95,0.09,220.0
8796,5,9,506,3.0,3.0,3.0,1.0,1.0,0.56,0.68,1.4,213.0
8799,6,17,2725,3.0,3.0,3.0,1.0,1.0,0.71,0.93,0.02,219.83
8802,14,75,16929,6.0,5.0,7.0,1.0,1.0,0.69,0.47,0.61,155.07
8805,10,10,440,4.0,4.0,4.0,0.9,0.83,0.1,0.17,0.0,219.9
8809,6,6,224,2.0,4.0,5.0,0.33,0.36,0.17,0.16,0.0,123.83
8811,9,42,6496,4.0,3.0,4.0,0.6,0.24,0.4,0.44,7.74,188.33
8813,7,14,849,5.0,6.0,6.0,0.93,0.91,0.64,0.76,0.01,197.43
8814,5,8,360,3.0,4.0,4.0,0.88,0.79,0.12,0.21,0.0,176.0
8817,8,19,3126,5.0,5.0,6.0,1.0,1.0,0.63,0.91,0.05,203.0
8822,2,25,9417,2.0,2.0,2.0,1.0,1.0,0.44,0.26,0.11,155.5
8823,6,7,328,5.0,5.0,5.0,0.86,0.77,0.14,0.16,0.0,188.0
8825,9,33,10700,6.0,5.0,7.0,0.97,0.99,0.3,0.21,0.06,142.11
8826,14,128,36218,10.0,8.0,14.0,0.99,1.0,0.55,0.35,12.85,139.36
8827,10,1137,1079902,6.0,2.0,6.0,0.15,0.09,0.21,0.02,31.2,156.3
8828,10,12581,18427991,4.0,2.0,6.0,1.0,1.0,0.99,0.99,9.47,154.5
8829,11,34,9877,5.0,5.0,5.0,0.29,0.04,0.38,0.66,0.16,215.18
8830,6,21,2157,3.0,3.0,3.0,1.0,1.0,0.76,0.91,0.05,220.17
8831,8,8,380,7.0,7.0,7.0,0.88,0.8,0.12,0.2,0.0,184.88
8832,7,659,709615,5.0,4.0,5.0,1.0,1.0,0.23,0.01,48.08,195.43
8833,5,66,18779,3.0,2.0,4.0,1.0,1.0,0.55,0.51,36.22,135.4
8834,10,158,60182,4.0,3.0,6.0,0.71,0.66,0.43,0.35,22.63,136.0
8835,8,67,19170,4.0,3.0,5.0,1.0,1.0,0.94,0.99,11.61,154.38
8836,20,11609,15355982,8.0,6.0,13.0,1.0,1.0,0.1,0.01,81.33,108.0
8837,11,4875,7070085,5.0,4.0,7.0,1.0,1.0,0.02,0.0,18.02,144.55
8838,14,228,82761,9.0,4.0,14.0,0.8,0.78,0.37,0.25,41.88,98.21
8839,5,34,11943,5.0,4.0,5.0,0.94,0.99,0.06,0.01,13.23,58.4
8840,15,544,350147,8.0,8.0,12.0,1.0,1.0,0.38,0.06,36.89,146.0
8841,9,120,30676,3.0,2.0,8.0,1.0,1.0,0.83,0.91,14.12,102.0
8842,6,70,16430,4.0,3.0,5.0,0.97,0.99,0.4,0.33,19.02,123.67
8843,7,9,440,3.0,3.0,3.0,1.0,1.0,0.33,0.41,0.0,196.14
8844,8,218,92094,5.0,6.0,8.0,0.43,0.26,0.52,0.55,32.32,130.75
8845,12,110,29391,7.0,4.0,8.0,1.0,1.0,0.44,0.44,16.44,169.08
8846,13,125,81981,4.0,3.0,8.0,0.94,0.99,0.13,0.04,17.64,191.23
8847,11,169,149464,7.0,6.0,8.0,1.0,1.0,0.19,0.03,9.01,160.09
8848,8,106,14874,5.0,5.0,6.0,0.99,1.0,0.25,0.67,75.18,151.38
8849,8,86,23608,4.0,3.0,5.0,0.99,1.0,0.15,0.11,11.65,129.75
8850,15,174,109898,8.0,6.0,11.0,0.8,0.88,0.35,0.17,5.14,147.8
8851,13,224,152553,9.0,6.0,10.0,0.83,0.85,0.27,0.15,45.25,161.92
8852,10,92,20777,6.0,7.0,7.0,0.64,0.34,0.54,0.52,17.24,97.5
8853,13,1078,243792,7.0,4.0,10.0,1.0,1.0,0.83,0.39,48.36,162.54
8854,11,316,238653,6.0,4.0,8.0,1.0,1.0,0.33,0.06,18.07,94.73
8855,4,5,240,3.0,3.0,3.0,1.0,1.0,0.2,0.33,0.0,203.25
8856,9,81,28850,4.0,5.0,6.0,0.99,1.0,0.09,0.02,6.71,98.89
8857,11,124,58608,10.0,7.0,10.0,1.0,1.0,0.55,0.46,31.37,179.82
8858,9,372,200878,7.0,5.0,8.0,1.0,1.0,0.53,0.09,42.37,122.11
8859,10,209,53374,5.0,4.0,7.0,1.0,1.0,0.27,0.14,11.24,174.8
8860,12,193,115780,7.0,5.0,9.0,0.99,1.0,0.63,0.35,27.76,122.58
8861,13,161,38410,5.0,4.0,5.0,0.99,1.0,0.8,0.68,25.02,161.38
8862,14,174,95541,8.0,6.0,8.0,0.99,1.0,0.54,0.25,24.05,155.5
8863,7,3352,3508031,6.0,4.0,6.0,0.01,0.0,0.14,0.01,15.56,168.14
8864,19,30486,44714639,8.0,6.0,12.0,1.0,1.0,0.0,0.0,51.48,150.58
8865,10,91,77975,7.0,6.0,8.0,0.98,1.0,0.32,0.11,35.33,134.8
8866,7,82,21573,4.0,4.0,6.0,0.98,0.99,0.49,0.22,8.07,114.86
8867,14,179,103089,8.0,6.0,10.0,0.99,1.0,0.3,0.06,13.73,139.07
8868,12,426,346644,6.0,5.0,8.0,1.0,1.0,0.36,0.09,29.46,187.42
8869,18,101,25866,6.0,6.0,10.0,0.98,0.99,0.34,0.54,9.23,176.11
8871,11,30,6719,6.0,7.0,8.0,0.9,0.97,0.7,0.93,6.44,138.36
8872,7,58,11702,5.0,4.0,6.0,1.0,1.0,0.16,0.05,8.62,110.14
8873,11,160,110805,6.0,4.0,10.0,0.83,0.91,0.4,0.16,21.78,110.73
8874,14,97,30651,6.0,5.0,9.0,0.78,0.78,0.56,0.54,14.02,113.43
8875,3,9,468,2.0,2.0,2.0,1.0,1.0,0.33,0.38,0.01,187.0
8876,14,35,10067,8.0,7.0,9.0,1.0,1.0,0.34,0.16,0.06,194.43
8877,13,124,20683,6.0,5.0,8.0,1.0,1.0,0.31,0.21,4.34,175.38
8878,9,138,48027,5.0,4.0,8.0,0.82,0.75,0.32,0.35,10.91,121.0
8879,10,98,17366,4.0,4.0,7.0,1.0,1.0,0.8,0.69,12.43,155.6
8880,11,171,106004,6.0,4.0,9.0,0.89,0.94,0.32,0.15,10.68,128.27
8881,7,243,71669,7.0,4.0,7.0,0.43,0.11,0.53,0.31,45.96,167.86
8882,12,94,19313,5.0,4.0,7.0,0.98,0.99,0.22,0.18,7.27,138.75
8883,13,166,47284,7.0,4.0,9.0,0.99,1.0,0.69,0.75,35.05,132.92
8884,4,42,6824,2.0,2.0,4.0,1.0,1.0,0.98,0.99,30.79,108.0
8885,9,993,918807,5.0,3.0,8.0,1.0,1.0,0.29,0.03,32.91,122.89
8886,17,353,157075,5.0,4.0,10.0,0.8,0.79,0.65,0.72,15.48,92.88
8887,9,71,26567,6.0,5.0,7.0,1.0,1.0,0.51,0.21,11.2,121.33
8888,10,251,70863,7.0,6.0,9.0,0.65,0.39,0.42,0.53,43.68,135.5
8890,5,136,91437,5.0,5.0,5.0,0.99,1.0,0.31,0.15,12.5,97.6
8891,14,190,49713,4.0,2.0,10.0,1.0,1.0,0.67,0.49,9.02,114.43
8892,11,865,207896,9.0,6.0,11.0,0.2,0.7,0.84,0.29,23.72,93.36
8893,18,588,256231,10.0,4.0,13.0,0.87,0.86,0.58,0.46,37.37,119.94
8894,17,730,631490,10.0,5.0,13.0,0.94,0.97,0.34,0.05,42.47,130.06
8895,8,4194,5835153,6.0,4.0,7.0,1.0,1.0,0.05,0.01,32.21,57.12
8896,8,225,114027,7.0,5.0,8.0,1.0,1.0,0.49,0.19,45.38,103.62
8897,17,2034,1817494,6.0,3.0,11.0,0.99,1.0,0.36,0.09,46.98,74.94
8898,11,533,287354,5.0,1.0,8.0,0.65,0.66,0.48,0.3,30.79,94.18
8899,13,457,192232,10.0,6.0,12.0,0.85,0.9,0.61,0.46,39.81,86.92
8900,7,96,27468,5.0,3.0,6.0,1.0,1.0,0.3,0.3,25.16,83.29
8901,9,250,72152,3.0,1.0,8.0,1.0,1.0,0.44,0.38,62.04,99.56
8902,2,24,8198,2.0,2.0,2.0,1.0,1.0,0.96,0.99,15.26,57.0
8903,4,30,3463,3.0,3.0,4.0,0.93,0.96,0.97,0.98,3.04,59.5
8904,12,79,22805,8.0,6.0,10.0,1.0,1.0,0.58,0.53,8.19,139.08
8905,5,78,21513,3.0,3.0,5.0,1.0,1.0,0.62,0.65,36.79,97.6
8906,7,138,93451,4.0,4.0,7.0,0.83,0.84,0.41,0.09,19.02,113.57
8907,7,3279,3563517,7.0,4.0,7.0,1.0,1.0,0.24,0.01,85.27,109.57
8908,8,335,114015,4.0,2.0,6.0,0.68,0.36,0.38,0.18,99.86,60.5
8909,14,409,308669,8.0,6.0,14.0,0.82,0.87,0.38,0.15,37.05,117.5
8910,9,368,124000,4.0,1.0,8.0,0.67,0.49,0.43,0.27,52.26,78.33
8913,9,152,42601,5.0,4.0,9.0,0.79,0.69,0.59,0.66,42.26,100.44
8914,3,82,19239,2.0,1.0,3.0,1.0,1.0,0.77,0.92,116.55,60.0
8915,3,33,10326,3.0,2.0,3.0,1.0,1.0,0.58,0.33,0.1,57.67
8916,1,48,31430,1.0,1.0,1.0,0.0,0.0,0.56,0.74,2.22,60.0
8917,7,73,28367,6.0,3.0,7.0,0.7,0.62,0.25,0.15,4.61,140.43
8918,6,94,22258,5.0,3.0,6.0,1.0,1.0,0.57,0.53,55.5,88.5
8920,5,86,36888,4.0,3.0,5.0,0.22,0.06,0.63,0.74,0.34,95.2
8921,4,12,1853,4.0,4.0,4.0,0.92,0.96,0.75,0.36,1.75,106.25
8923,6,28,1741,3.0,5.0,6.0,0.93,0.94,0.29,0.33,10.09,154.83
8926,1,1,76,1.0,1.0,1.0,0.0,0.0,1.0,1.0,0.0,60.0
8929,2,18,4969,2.0,2.0,2.0,0.06,0.01,0.5,0.47,0.02,154.5
8931,7,62,29341,6.0,4.0,6.0,0.98,1.0,0.19,0.06,0.13,93.57
8932,9,70,23046,4.0,3.0,6.0,0.99,0.99,0.47,0.25,0.21,55.22
8934,4,12,714,3.0,3.0,3.0,1.0,1.0,0.42,0.48,3.45,104.25
8938,4,26,9383,4.0,4.0,4.0,0.96,0.99,0.38,0.26,0.03,102.25
8940,2,18,3513,2.0,2.0,2.0,1.0,1.0,0.94,0.99,0.76,52.5
8941,5,35,12153,4.0,3.0,4.0,1.0,1.0,0.31,0.19,0.48,95.6
8943,6,46,21216,5.0,5.0,6.0,0.48,0.21,0.67,0.82,0.08,53.83
8945,7,34,2373,7.0,7.0,7.0,1.0,1.0,0.21,0.19,14.72,167.29
8946,4,64,25475,4.0,4.0,4.0,1.0,1.0,0.42,0.73,3.49,154.5
8947,5,22,3670,5.0,5.0,5.0,0.95,0.99,0.82,0.96,0.34,169.4
8950,2,44,21328,2.0,2.0,2.0,0.05,0.0,0.5,0.48,2.65,90.5
8953,2,14,831,2.0,2.0,2.0,0.93,0.93,0.57,0.68,0.01,154.0
8955,6,6,268,4.0,5.0,6.0,0.33,0.31,0.5,0.55,0.0,124.5
8962,3,9,582,2.0,3.0,3.0,0.89,0.87,0.89,0.91,0.01,59.0
8963,9,65,20742,4.0,4.0,6.0,0.98,1.0,0.28,0.16,7.51,99.44
8964,4,48,20822,4.0,4.0,4.0,0.15,0.02,0.52,0.44,1.8,121.25
8969,7,42,17994,6.0,5.0,7.0,0.98,1.0,0.24,0.04,0.03,91.29
8970,5,26,5363,4.0,4.0,4.0,0.92,0.98,0.88,0.97,0.15,69.8
8971,7,38,12567,6.0,5.0,6.0,0.97,1.0,0.5,0.3,0.43,166.86
8973,15,175,67671,5.0,3.0,10.0,1.0,1.0,0.46,0.32,8.46,97.0
8974,10,45,14854,7.0,7.0,8.0,0.67,0.57,0.62,0.78,3.14,174.8
8975,7,110,35843,4.0,2.0,6.0,0.61,0.61,0.74,0.74,22.93,87.29
8976,11,220,114774,6.0,3.0,9.0,0.59,0.48,0.7,0.73,20.71,76.18
8977,17,724,358519,11.0,6.0,17.0,0.65,0.62,0.52,0.28,45.45,104.82
8978,7,838,537617,4.0,1.0,7.0,1.0,1.0,0.32,0.06,98.03,110.43
8979,12,913,158770,6.0,5.0,10.0,0.96,0.89,0.51,0.43,49.48,73.25
8981,4,8,504,3.0,4.0,4.0,0.5,0.4,0.5,0.6,0.41,153.5
8982,8,44,16062,7.0,5.0,7.0,0.91,0.98,0.07,0.01,8.14,152.12
8983,4,42,6839,4.0,4.0,4.0,1.0,1.0,0.45,0.43,16.32,153.0
8984,5,67,34945,4.0,4.0,5.0,0.04,0.0,0.54,0.68,0.28,133.8
8986,8,30,8757,6.0,6.0,7.0,0.9,0.97,0.57,0.32,0.02,105.75
8987,10,60,17398,3.0,3.0,6.0,0.4,0.21,0.52,0.6,6.03,58.7
8989,8,48,27039,7.0,7.0,7.0,0.08,0.01,0.5,0.78,0.15,103.5
8990,11,192,81955,5.0,5.0,9.0,0.83,0.77,0.55,0.46,22.27,112.27
8993,5,6,368,4.0,4.0,4.0,0.5,0.43,0.33,0.36,0.2,93.4
8995,3,9,592,3.0,3.0,3.0,1.0,1.0,0.78,0.86,14.62,119.33
8999,12,274,127045,8.0,6.0,11.0,0.99,1.0,0.82,0.82,14.33,106.58
9000,9,308,45518,7.0,5.0,8.0,1.0,1.0,0.52,0.63,96.64,130.89
9001,15,3850,2742189,8.0,4.0,10.0,0.16,0.13,0.37,0.16,104.84,56.67
9002,6,254,86870,4.0,1.0,6.0,1.0,1.0,0.49,0.14,124.36,92.33
9003,8,669,577703,4.0,3.0,8.0,0.94,0.97,0.31,0.07,54.96,80.5
9004,9,135,91005,6.0,5.0,8.0,0.99,1.0,0.43,0.16,14.88,123.56
9005,12,515,208503,7.0,5.0,11.0,0.95,0.96,0.19,0.06,51.25,122.42
9006,23,1475,1382223,10.0,7.0,19.0,1.0,1.0,0.27,0.04,30.02,108.04
9007,6,125,20289,5.0,3.0,5.0,0.99,1.0,0.53,0.46,43.36,122.67
9009,8,105,49586,6.0,4.0,8.0,0.75,0.83,0.36,0.17,9.65,105.5
9010,12,149,101478,7.0,6.0,11.0,0.88,0.95,0.17,0.04,0.46,122.08
9011,12,425,210342,6.0,4.0,11.0,0.94,0.95,0.33,0.09,36.91,105.83
9012,6,176,36332,4.0,2.0,6.0,0.16,0.17,0.83,0.68,20.02,90.67
9013,4,49,14876,4.0,2.0,4.0,1.0,1.0,0.78,0.68,52.8,106.75
9014,5,486,260463,4.0,2.0,5.0,0.1,0.05,0.34,0.35,46.53,98.6
9015,6,86,24997,5.0,4.0,6.0,1.0,1.0,0.34,0.23,12.17,121.83
9016,4,13,888,4.0,4.0,4.0,0.85,0.83,0.54,0.55,2.68,105.5
9019,9,135,94623,5.0,2.0,8.0,1.0,1.0,0.19,0.04,2.1,78.78
9020,5,109,50331,3.0,2.0,5.0,0.99,1.0,0.66,0.73,20.26,104.6
9021,9,934,588188,7.0,3.0,8.0,0.07,0.04,0.33,0.06,7.93,107.89
9022,6,157,37864,4.0,1.0,6.0,1.0,1.0,0.78,0.91,85.9,60.5
9023,7,101,36591,5.0,4.0,7.0,0.46,0.36,0.28,0.19,16.76,138.14
9024,4,109,9794,4.0,3.0,4.0,1.0,1.0,0.58,0.67,86.02,52.75
9025,11,289,38866,9.0,7.0,11.0,1.0,1.0,0.5,0.55,61.43,128.45
9026,13,597,253519,8.0,3.0,11.0,0.82,0.78,0.51,0.46,31.64,72.69
9027,17,562,292304,8.0,6.0,12.0,1.0,1.0,0.43,0.18,33.34,115.71
9028,9,276,158904,6.0,4.0,9.0,0.62,0.68,0.36,0.28,15.86,121.0
9029,4,25,11411,4.0,4.0,4.0,0.08,0.01,0.4,0.32,0.06,201.25
9030,9,292,245621,3.0,1.0,7.0,0.93,0.96,0.26,0.07,32.04,122.0
9031,7,113,80463,5.0,3.0,6.0,0.84,0.9,0.36,0.1,23.22,84.14
9032,11,387,227894,8.0,4.0,10.0,0.33,0.41,0.48,0.44,21.29,75.0
9033,10,163,24265,5.0,4.0,9.0,1.0,1.0,0.46,0.42,38.91,116.0
9034,11,2564,3062601,7.0,5.0,9.0,1.0,1.0,0.18,0.01,42.21,144.73
9035,6,140,100821,5.0,3.0,5.0,0.56,0.76,0.26,0.13,13.73,155.0
9036,3,176,93427,3.0,2.0,3.0,0.81,0.84,0.11,0.1,10.71,122.33
9037,9,82,30597,7.0,6.0,8.0,0.99,1.0,0.52,0.51,10.23,119.67
9038,6,273,168307,5.0,2.0,6.0,0.77,0.94,0.43,0.21,19.32,118.67
9039,18,7103,8412237,9.0,5.0,16.0,0.96,0.98,0.2,0.03,48.7,79.5
9040,9,619,336812,5.0,4.0,6.0,1.0,1.0,0.23,0.19,38.1,120.0
9041,9,442,136725,6.0,4.0,9.0,1.0,1.0,0.26,0.12,57.56,101.56
9042,15,387,270728,8.0,7.0,12.0,0.94,0.96,0.4,0.19,19.79,109.27
9043,9,126,41123,6.0,5.0,8.0,1.0,1.0,0.18,0.22,13.59,126.22
9044,12,272,138852,9.0,5.0,10.0,0.84,0.79,0.33,0.2,31.7,90.42
9045,18,382,231941,7.0,5.0,16.0,0.93,0.96,0.32,0.14,21.08,103.06
9046,9,241,126043,5.0,2.0,9.0,1.0,1.0,0.46,0.22,44.13,79.22
9047,6,117,92864,5.0,4.0,5.0,0.5,0.75,0.14,0.06,13.79,154.0
9048,8,191,108136,5.0,5.0,6.0,0.99,1.0,0.13,0.08,14.02,127.5
9049,5,147,85354,5.0,3.0,5.0,0.86,0.92,0.24,0.07,70.61,136.6
9050,8,1590,1403163,6.0,3.0,8.0,1.0,1.0,0.28,0.03,78.12,128.25
9051,5,400,176967,2.0,2.0,5.0,1.0,1.0,0.52,0.2,123.05,58.8
9052,6,99,75131,5.0,5.0,5.0,0.99,1.0,0.41,0.08,10.81,156.17
9053,8,369,62775,6.0,4.0,8.0,0.93,0.82,0.59,0.61,62.87,108.25
9055,8,223,71994,7.0,5.0,8.0,0.57,0.38,0.65,0.65,32.52,131.12
9056,10,7380,6012190,6.0,4.0,8.0,1.0,1.0,0.39,0.04,75.03,77.3
9057,7,162,27467,4.0,3.0,6.0,0.99,1.0,0.4,0.24,62.74,86.29
9060,4,39,10829,4.0,4.0,4.0,1.0,1.0,0.41,0.21,15.2,201.5
9062,1,32,11358,1.0,1.0,1.0,1.0,1.0,0.47,0.15,31.09,60.0
9063,6,1313,181996,4.0,4.0,6.0,1.0,1.0,0.93,0.38,7.93,89.5
9065,8,248,233437,2.0,2.0,4.0,1.0,1.0,0.25,0.02,1.1,57.88
9066,4,28,5483,3.0,2.0,4.0,1.0,1.0,0.89,0.98,0.19,108.25
9068,6,62,27028,4.0,3.0,5.0,0.53,0.25,0.55,0.67,7.84,59.5
9069,5,21,8002,5.0,5.0,5.0,0.14,0.02,0.48,0.62,0.02,212.8
9070,1,3,180,1.0,1.0,1.0,1.0,1.0,1.0,1.0,0.0,60.0
9071,4,46,20356,3.0,4.0,4.0,0.09,0.01,0.46,0.5,0.81,156.0
9073,13,68,22952,7.0,6.0,10.0,0.69,0.61,0.56,0.5,0.1,133.54
9075,2,4,220,2.0,2.0,2.0,1.0,1.0,0.75,0.82,0.0,156.5
9076,4,8,438,4.0,4.0,4.0,1.0,1.0,0.5,0.6,12.43,155.75
9077,9,105,48289,5.0,3.0,8.0,0.58,0.58,0.34,0.27,0.42,56.33
9078,5,7,340,5.0,4.0,5.0,0.86,0.84,0.29,0.28,0.0,52.6
9079,13,386,393408,6.0,5.0,9.0,1.0,1.0,0.2,0.04,14.41,86.62
9081,6,77,42957,5.0,5.0,6.0,0.97,1.0,0.36,0.1,10.19,89.83
9082,9,89,38559,5.0,5.0,8.0,1.0,1.0,0.2,0.1,17.14,99.56
9083,6,22,9002,5.0,4.0,6.0,0.86,0.97,0.14,0.03,0.06,122.33
9085,5,6,311,4.0,5.0,5.0,1.0,1.0,0.17,0.33,0.0,129.2
9087,8,36,6677,6.0,5.0,8.0,0.94,0.98,0.72,0.9,0.4,107.25
9088,8,29,6874,6.0,6.0,7.0,0.34,0.09,0.59,0.42,0.24,130.38
9104,19,318,108568,8.0,5.0,18.0,1.0,1.0,0.61,0.44,6.32,132.89
9105,8,39,9248,5.0,4.0,5.0,1.0,1.0,0.56,0.86,7.55,154.25
9106,5,67,52688,4.0,3.0,4.0,0.99,1.0,0.3,0.04,4.03,199.0
9107,6,61,3980,5.0,4.0,6.0,1.0,1.0,0.52,0.54,95.01,152.33
9108,8,117,32364,3.0,4.0,7.0,0.74,0.78,0.61,0.5,62.54,171.25
9110,17,96351,68161262,8.0,3.0,15.0,0.0,0.0,0.66,0.6,53.86,129.41
9111,8,78,24889,5.0,3.0,6.0,1.0,1.0,0.62,0.51,54.26,184.38
9114,5,5,204,4.0,4.0,4.0,0.8,0.78,0.2,0.22,0.0,174.8
9117,11,74,28414,6.0,5.0,10.0,0.72,0.44,0.38,0.15,8.12,139.27
9118,5,50,25842,2.0,2.0,2.0,1.0,1.0,0.48,0.68,58.76,226.4
9119,16,160,99852,4.0,3.0,5.0,1.0,1.0,0.39,0.07,17.23,139.69
9120,4,27,1930,4.0,4.0,4.0,0.96,0.97,0.59,0.57,70.11,168.5
9121,5,31,8612,2.0,2.0,3.0,1.0,1.0,0.52,0.13,56.06,199.0
9122,2,9,596,2.0,2.0,2.0,1.0,1.0,0.89,0.93,82.59,188.0
9124,6,21,2076,5.0,4.0,5.0,1.0,1.0,0.86,0.94,1.31,154.5
9126,7,28,7639,4.0,5.0,6.0,0.32,0.06,0.86,0.98,0.09,113.57
9127,4,32,16625,3.0,2.0,3.0,1.0,1.0,0.47,0.28,7.97,155.5
9129,8,52,15089,6.0,6.0,8.0,0.98,1.0,0.37,0.13,8.34,79.88
9130,5,62,17659,5.0,4.0,5.0,1.0,1.0,0.26,0.18,6.1,174.0
9131,6,77,37459,5.0,4.0,6.0,0.35,0.49,0.48,0.35,0.07,120.33
9132,10,195,94751,5.0,4.0,7.0,0.93,0.97,0.42,0.23,11.34,85.2
9133,9,846,609008,7.0,5.0,8.0,0.05,0.04,0.01,0.0,32.26,151.0
9134,10,206,98311,9.0,3.0,9.0,0.93,0.89,0.51,0.47,8.9,83.6
9135,14,246,105350,8.0,5.0,10.0,0.94,0.99,0.5,0.15,6.39,73.57
9136,22,557,155078,9.0,2.0,12.0,0.63,0.68,0.65,0.43,20.61,94.64
9137,5,34,14647,4.0,4.0,5.0,0.59,0.36,0.47,0.34,6.26,147.4
9138,6,58,20974,5.0,3.0,5.0,1.0,1.0,0.16,0.02,1.24,126.5
9139,4,20,5930,4.0,4.0,4.0,1.0,1.0,0.85,0.98,0.74,118.75
9140,23,20903,1189014,10.0,5.0,18.0,1.0,1.0,0.99,0.95,16.92,109.65
9141,15,278,72011,8.0,7.0,13.0,0.72,0.48,0.58,0.69,25.81,124.93
9142,14,463,118339,8.0,5.0,9.0,0.35,0.87,0.1,0.07,28.81,144.21
9143,13,172,73766,6.0,2.0,8.0,1.0,1.0,0.49,0.18,2.76,118.85
9144,3,22,5486,2.0,2.0,3.0,0.23,0.05,0.77,0.95,0.15,134.67
9145,13,109,39654,4.0,3.0,6.0,0.52,0.56,0.55,0.35,24.11,153.08
9146,28,2035,382195,8.0,4.0,12.0,0.97,0.92,0.91,0.7,21.62,88.5
9147,14,397,177434,8.0,5.0,11.0,0.61,0.63,0.45,0.38,22.07,115.93
9148,7,40,4867,5.0,5.0,5.0,1.0,1.0,0.85,0.95,11.07,222.86
9149,18,241,79990,7.0,3.0,8.0,0.88,0.84,0.59,0.47,14.71,144.94
9150,23,1082,220612,8.0,6.0,10.0,1.0,1.0,0.52,0.21,12.56,92.52
9151,7,39,14550,6.0,5.0,6.0,0.97,1.0,0.26,0.11,1.05,122.0
9152,10,24,2307,4.0,4.0,7.0,0.62,0.35,0.33,0.52,4.18,129.9
9153,3,11,702,3.0,2.0,3.0,1.0,1.0,0.45,0.44,0.52,122.33
9154,3,46,7105,3.0,2.0,3.0,0.46,0.71,0.48,0.72,43.75,70.67
9155,7,102,91199,5.0,4.0,6.0,0.18,0.09,0.79,0.91,0.33,119.0
9156,10,286,148573,6.0,6.0,9.0,0.33,0.15,0.37,0.15,43.56,100.7
9157,9,274,101458,3.0,5.0,7.0,0.04,0.01,0.58,0.72,95.44,145.33
9158,14,1106,1064770,9.0,6.0,12.0,0.98,0.99,0.17,0.05,8.19,100.57
9159,27,714,321520,13.0,3.0,18.0,0.87,0.87,0.47,0.21,6.85,82.41
9160,46,13674,12500722,7.0,5.0,10.0,0.99,0.99,0.35,0.03,16.01,76.28
9161,11,49,3877,8.0,7.0,8.0,1.0,1.0,0.67,0.76,2.08,129.73
9162,10,179,32680,4.0,3.0,7.0,0.16,0.43,0.45,0.36,46.38,123.8
9163,8,25,2416,5.0,5.0,6.0,0.88,0.93,0.72,0.86,5.44,156.0
9164,15,50,6689,6.0,6.0,8.0,0.94,0.97,0.64,0.85,2.06,152.93
9165,6,22,7704,2.0,4.0,4.0,0.45,0.09,0.18,0.04,0.06,172.17
9166,12,416,199509,3.0,4.0,7.0,0.27,0.26,0.07,0.07,38.8,100.25
9167,11,175,10038,4.0,3.0,7.0,1.0,1.0,0.5,0.49,51.85,129.55
9168,14,3366,3918471,6.0,4.0,7.0,0.01,0.0,0.04,0.01,58.27,116.79
9169,8,24,2481,3.0,4.0,4.0,0.96,0.98,0.04,0.02,0.07,208.12
9170,8,46,5798,4.0,5.0,5.0,1.0,1.0,0.52,0.66,4.3,158.0
9171,13,441,181080,9.0,5.0,12.0,0.59,0.33,0.62,0.35,13.14,91.69
9172,7,57,14143,5.0,4.0,6.0,0.14,0.03,0.49,0.64,6.49,141.57
9173,6,472,559935,3.0,3.0,3.0,1.0,1.0,0.15,0.01,13.05,156.0
9174,10,197,210041,5.0,5.0,5.0,0.94,0.99,0.2,0.01,5.63,174.0
9175,5,1301,1789514,2.0,2.0,4.0,1.0,1.0,0.07,0.0,6.14,136.4
9176,17,3865,4093823,6.0,6.0,10.0,0.01,0.0,0.04,0.01,52.91,178.59
9177,9,704,387870,4.0,5.0,7.0,0.06,0.06,0.15,0.11,128.05,113.44
9178,20,339,93215,7.0,4.0,13.0,0.54,0.67,0.28,0.18,18.94,107.15
9179,15,225,94574,7.0,5.0,10.0,0.25,0.16,0.79,0.9,38.78,152.87
9180,12,888,719425,5.0,4.0,7.0,0.03,0.01,0.01,0.01,26.9,177.08
9181,25,15418,18528053,8.0,4.0,15.0,0.22,0.24,0.02,0.0,11.38,92.92
9182,12,302,95132,7.0,5.0,10.0,0.83,0.65,0.78,0.52,35.18,122.33
9183,22,3816,1715803,13.0,6.0,16.0,0.57,0.13,0.55,0.1,9.75,139.91
9184,18,2946,3489953,9.0,6.0,13.0,0.03,0.01,0.02,0.0,2.03,160.67
9185,9,84,25052,8.0,6.0,8.0,0.58,0.74,0.06,0.01,0.95,122.0
9186,11,22,4702,10.0,9.0,11.0,1.0,1.0,0.05,0.01,0.54,115.0
9187,6,47,8299,5.0,5.0,6.0,0.77,0.91,0.09,0.02,7.2,77.33
9188,10,140,46343,7.0,4.0,9.0,0.86,0.77,0.27,0.23,0.86,87.1
9189,8,125,40387,5.0,5.0,6.0,0.54,0.49,0.57,0.56,8.26,131.62
9190,17,320,91553,9.0,6.0,12.0,0.36,0.26,0.61,0.68,27.31,75.41
9191,4,6,304,3.0,3.0,3.0,0.5,0.45,0.67,0.72,0.02,106.25
9228,11,47,13419,7.0,6.0,8.0,1.0,1.0,0.17,0.04,7.01,147.91
9230,4,5,224,3.0,3.0,3.0,1.0,1.0,0.4,0.46,0.13,204.25
9231,11,13,592,5.0,7.0,7.0,1.0,1.0,0.31,0.35,0.09,180.91
9232,6,136,7842,3.0,3.0,3.0,1.0,1.0,0.94,0.96,2.05,187.17
9236,11,156,13454,3.0,4.0,6.0,1.0,1.0,0.96,0.98,4.03,111.0
9238,5,8,484,4.0,5.0,5.0,0.75,0.69,0.25,0.31,0.41,94.6
9240,12,495,660153,8.0,7.0,9.0,1.0,1.0,0.04,0.0,5.3,120.33
9242,12,221,64941,5.0,5.0,10.0,0.94,0.99,0.37,0.43,12.72,110.25
9243,9,23499,26195005,3.0,4.0,6.0,0.0,0.0,0.07,0.01,98.41,134.67
9244,14,70978,83055376,4.0,6.0,7.0,0.0,0.0,0.05,0.0,52.7,107.64
9245,15,1961,460215,8.0,4.0,12.0,0.07,0.12,0.75,0.33,35.58,88.93
9246,6,47,14107,3.0,2.0,4.0,1.0,1.0,0.26,0.24,5.95,160.33
9247,14,182,49095,7.0,3.0,8.0,0.71,0.71,0.32,0.21,19.6,141.43
9248,8,91,43533,5.0,3.0,6.0,1.0,1.0,0.56,0.48,9.12,130.62
9260,10,1880,1895431,5.0,4.0,9.0,0.99,1.0,0.26,0.03,31.72,148.4
9261,11,86,57324,7.0,6.0,9.0,0.85,0.97,0.17,0.04,7.17,179.91
9263,4,76,6921,3.0,3.0,3.0,1.0,1.0,0.96,0.98,72.99,219.25
9264,8,490,261336,6.0,4.0,6.0,0.06,0.03,0.62,0.84,35.94,204.25
9268,6,11,864,5.0,5.0,6.0,1.0,1.0,0.09,0.06,1.71,173.17
9270,4,44,12281,4.0,4.0,4.0,1.0,1.0,0.45,0.34,1.34,187.5
9271,5,35,26887,5.0,5.0,5.0,0.97,1.0,0.14,0.02,5.67,198.0
9274,6,89,30920,6.0,5.0,6.0,1.0,1.0,0.38,0.19,30.94,143.0
9277,9,312,402518,5.0,5.0,6.0,1.0,1.0,0.06,0.03,0.47,178.89
9278,8,12,504,3.0,4.0,5.0,1.0,1.0,0.25,0.24,0.01,164.0
9279,3,15,1593,3.0,3.0,3.0,1.0,1.0,0.87,0.94,0.2,143.33
9281,6,63,20684,6.0,3.0,6.0,1.0,1.0,0.4,0.29,10.07,128.5
9284,3,42,13825,3.0,3.0,3.0,1.0,1.0,0.9,0.97,17.4,60.0
9288,5,22,5294,5.0,4.0,5.0,1.0,1.0,0.86,0.97,0.06,63.0
9290,5,34,5220,5.0,2.0,5.0,1.0,1.0,0.26,0.52,27.84,65.8
9291,21,313,110991,6.0,6.0,11.0,1.0,1.0,0.41,0.23,8.82,75.95
9308,6,32,11816,5.0,5.0,6.0,0.12,0.02,0.16,0.23,0.09,126.17
9310,4,85,15029,3.0,3.0,3.0,1.0,1.0,0.87,0.63,0.12,197.25
9325,6,2722,3875457,3.0,2.0,5.0,0.04,0.01,0.01,0.0,26.27,164.0
9388,3,36,8995,3.0,3.0,3.0,0.97,0.99,0.94,0.99,0.11,54.33
9389,6,134,39584,3.0,2.0,6.0,0.78,0.79,0.72,0.6,10.48,59.67
9390,7,153,138487,4.0,5.0,6.0,0.09,0.01,0.11,0.04,0.6,93.57
9392,4,39,14444,3.0,4.0,3.0,0.13,0.02,0.67,0.6,0.05,76.5
9393,9,245,105391,5.0,5.0,6.0,0.16,0.09,0.44,0.2,44.48,137.22
9394,7,297,333472,6.0,5.0,7.0,0.03,0.0,0.06,0.01,0.16,115.57
9395,8,2984,3516592,6.0,5.0,7.0,0.99,1.0,0.17,0.01,19.01,133.12
9396,17,256,122068,5.0,6.0,7.0,0.21,0.12,0.34,0.19,11.78,108.82
9397,21,5163,6141413,7.0,3.0,12.0,0.03,0.0,0.03,0.01,32.3,85.9
9398,26,1885,2115431,15.0,5.0,20.0,0.96,0.97,0.19,0.04,30.73,86.15
9399,18,1418,831286,8.0,4.0,12.0,0.25,0.06,0.48,0.33,13.16,86.78
9403,10,446,79011,8.0,3.0,10.0,1.0,1.0,0.2,0.2,7.53,68.5
9405,5,37,10883,4.0,3.0,5.0,0.95,0.99,0.35,0.16,13.04,97.4
9406,5,26,6049,4.0,5.0,5.0,0.96,0.99,0.85,0.97,13.31,187.6
9407,3,27,4607,3.0,3.0,3.0,1.0,1.0,0.56,0.62,1.12,50.33
9408,6,177,45774,5.0,1.0,6.0,1.0,1.0,0.6,0.54,51.12,69.5
9409,6,138,43841,4.0,1.0,6.0,1.0,1.0,0.47,0.38,18.3,121.83
9410,4,54,16994,3.0,3.0,4.0,1.0,1.0,0.44,0.23,15.52,102.25
9411,13,218,50904,8.0,6.0,10.0,0.99,1.0,0.71,0.66,27.91,105.31
9412,8,101,32329,5.0,5.0,7.0,1.0,1.0,0.37,0.15,9.62,153.75
9413,6,44,6961,6.0,5.0,6.0,0.95,0.8,0.61,0.56,5.53,153.33
9414,3,30,9655,2.0,2.0,3.0,1.0,1.0,0.43,0.18,10.62,58.0
9415,5,34,9260,3.0,5.0,4.0,1.0,1.0,0.91,0.99,0.62,175.0
9416,3,182,167960,2.0,2.0,3.0,0.99,1.0,0.31,0.03,50.35,60.67
9418,4,30,8430,3.0,3.0,3.0,0.97,0.99,0.53,0.23,7.76,59.5
9420,9,127,48367,6.0,3.0,8.0,0.99,1.0,0.53,0.37,1.31,100.0
9421,4,64,19849,4.0,2.0,4.0,1.0,1.0,0.75,0.61,10.0,118.75
9423,9,95,28633,8.0,5.0,9.0,1.0,1.0,0.42,0.27,8.8,185.56
9424,8,303,335795,5.0,6.0,8.0,1.0,1.0,0.14,0.02,13.49,130.88
9425,7,61,21171,6.0,3.0,7.0,1.0,1.0,0.31,0.12,13.51,121.0
9426,5,85,26965,5.0,3.0,5.0,1.0,1.0,0.51,0.38,7.98,97.4
9427,9,76,30894,7.0,6.0,9.0,0.99,1.0,0.45,0.34,1.84,79.78
9428,6,820,246258,4.0,2.0,5.0,1.0,1.0,0.95,0.93,16.74,96.17
9429,10,324,127415,9.0,3.0,9.0,0.79,0.97,0.52,0.19,29.8,77.3
9431,2,15,2189,2.0,2.0,2.0,0.93,0.97,1.0,1.0,1.28,60.0
9432,13,371,165217,7.0,3.0,10.0,1.0,1.0,0.37,0.16,70.05,105.77
9433,6,78,18811,6.0,3.0,6.0,0.99,1.0,0.49,0.24,5.19,101.0
9434,4,72,20981,3.0,3.0,4.0,1.0,1.0,0.81,0.81,70.53,163.25
9435,5,51,15437,3.0,4.0,5.0,0.98,1.0,0.65,0.41,12.51,94.2
9436,6,138,25398,3.0,3.0,6.0,1.0,1.0,0.38,0.38,99.6,133.83
9437,4,65,12241,3.0,3.0,4.0,1.0,1.0,0.29,0.35,73.11,64.25
9438,9,221,43077,8.0,5.0,9.0,1.0,1.0,0.56,0.5,36.32,126.89
9439,9,140,26334,5.0,2.0,9.0,1.0,1.0,0.38,0.27,42.12,80.56
9440,9,217,259658,8.0,7.0,9.0,1.0,1.0,0.06,0.01,7.47,125.0
9441,7,87,35288,7.0,4.0,7.0,1.0,1.0,0.17,0.06,9.54,138.14
9442,10,127,53770,7.0,5.0,9.0,0.98,1.0,0.39,0.18,57.55,96.4
9443,6,220,56098,6.0,3.0,6.0,1.0,1.0,0.59,0.62,52.11,88.83
9444,6,102,37659,5.0,3.0,6.0,1.0,1.0,0.16,0.05,11.26,120.83
9445,7,1471,1031798,6.0,1.0,6.0,1.0,1.0,0.42,0.12,47.57,66.71
9446,9,182,41382,7.0,3.0,8.0,1.0,1.0,0.42,0.34,70.12,109.44
9447,7,162,31366,3.0,2.0,6.0,1.0,1.0,0.91,0.84,82.44,87.57
9448,9,133,34648,5.0,2.0,6.0,0.99,1.0,0.51,0.26,35.66,61.22
9449,6,271,45607,3.0,1.0,6.0,1.0,1.0,0.71,0.63,104.72,65.0
9450,7,47,10088,6.0,6.0,7.0,0.94,0.98,0.28,0.17,43.64,84.71
9451,3,39,7731,3.0,2.0,3.0,1.0,1.0,0.49,0.27,12.03,58.33
9452,12,228,57207,8.0,4.0,10.0,1.0,1.0,0.47,0.42,47.55,105.67
9453,11,163,50304,8.0,3.0,8.0,1.0,1.0,0.37,0.26,30.74,77.91
9454,7,146,26215,5.0,2.0,7.0,1.0,1.0,0.7,0.4,14.49,85.0
9455,13,238,46481,10.0,7.0,12.0,1.0,1.0,0.55,0.45,50.26,101.15
9456,9,175,39472,9.0,3.0,9.0,0.99,1.0,0.58,0.53,67.16,120.89
9457,15,133,30863,10.0,7.0,13.0,1.0,1.0,0.57,0.35,26.78,110.8
9458,27,579,254616,11.0,2.0,22.0,1.0,1.0,0.42,0.2,8.14,95.04
9459,8,252,121306,4.0,3.0,8.0,0.99,1.0,0.79,0.8,13.47,82.38
9460,7,63,11567,7.0,6.0,7.0,0.98,1.0,0.35,0.19,9.85,166.43
9461,9,194,46116,6.0,4.0,9.0,1.0,1.0,0.57,0.34,66.56,122.44
9462,4,97,20901,3.0,1.0,4.0,1.0,1.0,0.62,0.35,143.05,58.25
9463,10,254,163596,7.0,4.0,8.0,1.0,1.0,0.4,0.05,50.42,119.9
9464,16,262,60916,10.0,6.0,14.0,1.0,1.0,0.63,0.43,69.31,82.25
9465,4,52,16064,3.0,1.0,4.0,1.0,1.0,0.27,0.11,8.1,106.75
9466,12,144,38635,8.0,3.0,11.0,1.0,1.0,0.27,0.13,47.0,82.5
9467,7,257,41509,5.0,3.0,6.0,1.0,1.0,0.59,0.65,118.68,85.0
9468,6,158,68586,2.0,1.0,6.0,1.0,1.0,0.29,0.13,55.93,86.17
9469,2,71,14337,2.0,1.0,2.0,1.0,1.0,0.69,0.47,15.32,60.0
9470,9,131,31818,4.0,3.0,8.0,0.98,1.0,0.52,0.23,47.23,59.11
9471,11,305,127802,7.0,3.0,10.0,1.0,1.0,0.4,0.2,35.42,93.36
9472,10,205,49535,5.0,3.0,10.0,1.0,1.0,0.67,0.47,13.48,60.0
9473,5,67,13918,4.0,2.0,5.0,1.0,1.0,0.6,0.46,69.58,104.6
9474,2,109,29116,2.0,2.0,2.0,1.0,1.0,0.99,1.0,147.99,155.5
9475,8,175,61696,5.0,2.0,6.0,1.0,1.0,0.8,0.76,8.59,83.25
9476,8,85,13139,7.0,5.0,8.0,1.0,1.0,0.55,0.35,31.24,130.38
9545,78,751962,1032540199,10.0,4.0,39.0,1.0,1.0,0.08,0.0,12.93,68.76
9546,26,1558,799801,6.0,2.0,18.0,1.0,1.0,0.57,0.1,29.52,89.88
9547,10,283,147702,4.0,4.0,7.0,0.84,0.92,0.39,0.1,84.25,139.3
9548,10,226,81687,2.0,2.0,9.0,0.9,0.93,0.73,0.72,47.05,75.9
9549,1,27,13084,1.0,1.0,1.0,1.0,1.0,0.56,0.39,0.25,60.0
9556,5,133,84733,4.0,2.0,4.0,1.0,1.0,0.52,0.2,2.98,56.6
9557,7,233,154992,5.0,5.0,7.0,0.7,0.93,0.47,0.14,9.57,113.14
9558,4,88,73932,4.0,4.0,4.0,1.0,1.0,0.27,0.08,1.6,104.75
9559,6,49,11033,5.0,4.0,6.0,1.0,1.0,0.94,0.99,24.15,155.5
9560,6,93,20920,4.0,3.0,6.0,0.99,1.0,0.1,0.05,1.4,100.83
9562,3,19,10317,3.0,3.0,3.0,1.0,1.0,0.89,0.99,0.16,117.0
9563,8,144,58514,5.0,3.0,7.0,0.7,0.76,0.64,0.69,4.14,117.88
9565,5,247,82381,3.0,3.0,4.0,1.0,1.0,0.53,0.74,29.24,69.4
9566,3,64,8685,1.0,2.0,3.0,0.88,0.68,0.48,0.44,24.19,70.67
9569,15,802,695581,5.0,3.0,12.0,1.0,1.0,0.15,0.03,22.77,63.13
9570,8,183,82140,4.0,3.0,7.0,0.68,0.84,0.42,0.19,10.41,88.75
9571,3,137,114942,3.0,3.0,3.0,1.0,1.0,0.32,0.06,6.72,180.67
9573,1,4,256,1.0,1.0,1.0,1.0,1.0,1.0,1.0,0.01,60.0
9574,4,52,19063,4.0,3.0,4.0,1.0,1.0,0.54,0.28,0.88,150.5
9576,5,14,1218,5.0,4.0,5.0,1.0,1.0,0.79,0.9,1.64,173.0
9577,3,122,69835,3.0,2.0,3.0,1.0,1.0,0.38,0.14,14.32,79.0
9668,2,14,1916,2.0,2.0,2.0,0.93,0.81,0.93,0.81,0.12,52.5
9669,7,35,13266,7.0,5.0,7.0,0.97,1.0,0.11,0.02,8.6,148.43
9671,4,265,254556,4.0,2.0,4.0,1.0,1.0,0.08,0.01,3.25,106.0
9672,2,11,1846,2.0,2.0,2.0,0.91,0.97,0.09,0.03,120.27,59.5
9673,2,3,120,2.0,2.0,2.0,1.0,1.0,0.33,0.33,0.03,179.5
9676,3,3,157,3.0,3.0,3.0,0.33,0.28,0.33,0.48,0.0,118.33
9689,12,155,59738,5.0,2.0,8.0,1.0,1.0,0.7,0.79,7.03,104.92
9690,4,9,629,3.0,4.0,4.0,1.0,1.0,0.78,0.87,0.09,103.25
9691,4,61,19230,2.0,1.0,4.0,1.0,1.0,0.44,0.31,1.71,57.0
9692,4,19,5531,4.0,3.0,4.0,1.0,1.0,0.89,0.99,0.5,154.25
9694,6,27,7162,4.0,4.0,6.0,1.0,1.0,0.52,0.9,1.9,153.33
9703,11,128,115897,5.0,4.0,8.0,1.0,1.0,0.13,0.03,11.54,120.27
9704,6,79,23348,3.0,2.0,6.0,1.0,1.0,0.49,0.33,36.07,140.83
9705,19,102,55448,5.0,4.0,6.0,1.0,1.0,0.48,0.14,18.51,120.37
9706,53,33479,33958475,4.0,2.0,7.0,1.0,1.0,0.33,0.01,7.74,107.58
9707,5,9,731,4.0,2.0,4.0,1.0,1.0,0.78,0.66,0.04,122.4
9708,8,99,34946,4.0,3.0,6.0,1.0,1.0,0.6,0.26,21.08,154.62
9709,6,103,23728,3.0,2.0,5.0,1.0,1.0,0.6,0.27,21.58,134.33
9710,4,45,18199,4.0,2.0,4.0,1.0,1.0,0.2,0.07,57.33,138.0
9711,3,28,8605,2.0,1.0,2.0,1.0,1.0,0.36,0.33,95.29,121.0
9712,9,1512,1716196,4.0,1.0,7.0,1.0,1.0,0.21,0.01,9.48,122.78
9713,6,63,54028,3.0,2.0,5.0,1.0,1.0,0.33,0.37,56.37,152.67
9714,8,103,11192,3.0,1.0,6.0,1.0,1.0,0.89,0.93,46.52,114.88
9715,4,42,5213,4.0,3.0,4.0,1.0,1.0,0.98,0.99,5.85,155.0
9716,7,129,107908,5.0,4.0,7.0,1.0,1.0,0.18,0.03,28.66,178.43
9717,9,64,42184,7.0,5.0,9.0,1.0,1.0,0.17,0.03,7.95,169.56
9718,7,40,6603,6.0,5.0,7.0,0.98,0.99,0.42,0.39,65.83,135.86
9719,13,513,405227,9.0,6.0,13.0,0.28,0.14,0.29,0.09,28.44,141.31
9720,11,656,541300,5.0,2.0,9.0,1.0,1.0,0.37,0.07,94.51,110.82
9721,10,285,88761,4.0,3.0,9.0,1.0,1.0,0.27,0.16,97.25,173.4
9722,5,44,12320,5.0,4.0,5.0,0.98,0.99,0.5,0.38,45.09,118.2
9723,1,11,1229,1.0,1.0,1.0,1.0,1.0,1.0,1.0,22.52,124.0
9724,4,34,26520,2.0,2.0,4.0,1.0,1.0,0.71,0.79,65.79,120.5
9725,14,320,103746,5.0,5.0,12.0,1.0,1.0,0.3,0.18,77.58,157.36
9726,5,176,55220,5.0,5.0,5.0,0.99,1.0,0.39,0.1,8.25,146.4
9727,2,99,60882,2.0,2.0,2.0,1.0,1.0,0.41,0.06,30.33,186.5
9728,5,59,10600,4.0,4.0,5.0,1.0,1.0,0.25,0.1,113.23,196.4
9729,4,35,18688,3.0,3.0,4.0,0.97,1.0,0.51,0.87,71.39,137.75
9730,13,104,48381,5.0,4.0,10.0,0.99,1.0,0.52,0.42,0.32,151.31
9731,8,124,44195,3.0,1.0,6.0,1.0,1.0,0.31,0.11,42.19,184.88
9732,10,255,174398,5.0,4.0,7.0,0.8,0.94,0.29,0.06,56.15,139.7
9733,5,46659,21349132,4.0,4.0,5.0,0.0,0.0,0.66,0.88,116.48,131.6
9734,11,39400,19840328,8.0,5.0,11.0,0.01,0.01,0.69,0.91,56.77,191.0
9735,7,160,77000,4.0,2.0,7.0,1.0,1.0,0.48,0.17,47.28,131.29
9736,17,201,105685,7.0,5.0,8.0,1.0,1.0,0.43,0.14,23.64,129.82
9737,2,47,11811,2.0,1.0,2.0,1.0,1.0,0.55,0.21,190.49,124.0
9738,3,22,4536,3.0,3.0,3.0,1.0,1.0,0.41,0.29,33.82,74.0
9739,7,95,28695,4.0,3.0,7.0,1.0,1.0,0.42,0.25,107.1,118.86
9740,30,828,285497,8.0,4.0,26.0,0.96,0.94,0.46,0.34,79.28,123.73
9741,14,149,24924,6.0,5.0,13.0,1.0,1.0,0.28,0.18,50.99,170.86
9742,8,74,16727,5.0,3.0,8.0,1.0,1.0,0.42,0.41,60.02,112.25
9744,10,122,55141,6.0,3.0,9.0,1.0,1.0,0.8,0.75,101.99,148.0
9745,6,68,18444,4.0,3.0,6.0,1.0,1.0,0.38,0.1,65.81,184.0
9746,5,48,9556,5.0,3.0,5.0,1.0,1.0,0.73,0.3,23.22,196.4
9747,7,365,141527,4.0,2.0,7.0,1.0,1.0,0.41,0.17,62.49,130.57
9748,6,113,59623,5.0,3.0,6.0,1.0,1.0,0.29,0.05,62.52,165.5
9750,7,232,183204,4.0,1.0,7.0,1.0,1.0,0.26,0.03,63.73,191.43
9751,7,170,49228,4.0,2.0,7.0,1.0,1.0,0.67,0.74,166.54,156.86
9752,18,255,100146,8.0,5.0,16.0,1.0,1.0,0.44,0.18,84.21,124.33
9753,10,179,99570,7.0,4.0,10.0,1.0,1.0,0.54,0.69,93.04,177.3
9754,8,252,76508,3.0,2.0,5.0,1.0,1.0,0.23,0.44,148.55,199.25
9755,13,235,71630,7.0,3.0,12.0,1.0,1.0,0.36,0.27,108.43,141.46
9756,6,255,37667,4.0,2.0,6.0,1.0,1.0,0.76,0.4,28.22,154.33
9758,11,98,31481,6.0,6.0,11.0,0.99,1.0,0.44,0.19,28.47,135.91
9759,13,6617,5664348,10.0,4.0,13.0,1.0,1.0,0.38,0.03,79.3,151.08
9760,5,145,101110,4.0,3.0,5.0,1.0,1.0,0.5,0.8,124.15,194.8
9761,20,420,143624,8.0,4.0,17.0,0.97,0.94,0.56,0.46,117.88,131.0
9762,16,305,78287,7.0,2.0,15.0,1.0,1.0,0.37,0.21,104.62,148.88
9763,6,77,56393,4.0,2.0,6.0,1.0,1.0,0.7,0.84,75.69,132.83
9764,5,42,4395,3.0,3.0,4.0,1.0,1.0,0.57,0.77,92.16,158.6
9765,10,156,88296,5.0,2.0,8.0,1.0,1.0,0.63,0.8,99.93,126.0
9766,7,81,21571,7.0,3.0,7.0,1.0,1.0,0.57,0.26,56.84,117.71
9767,4,26,7270,4.0,3.0,4.0,1.0,1.0,0.69,0.33,15.11,154.5
9768,6,44,10740,5.0,5.0,5.0,1.0,1.0,0.5,0.27,21.46,153.0
9769,9,65,13042,6.0,5.0,8.0,1.0,1.0,0.38,0.18,92.48,160.78
9770,5,5,213,2.0,2.0,3.0,1.0,1.0,0.2,0.19,0.0,169.2
9771,4,46,20811,2.0,1.0,3.0,1.0,1.0,0.59,0.26,0.15,154.75
9816,26,403,218184,10.0,4.0,20.0,1.0,1.0,0.5,0.22,15.58,135.35
9817,26,474,234970,11.0,7.0,20.0,1.0,1.0,0.43,0.24,52.14,148.12
9818,11,205,76970,7.0,3.0,11.0,0.85,0.74,0.49,0.58,124.32,146.27
9819,9,47,15507,7.0,7.0,9.0,0.81,0.34,0.74,0.95,41.07,185.67
9820,6,103,8026,6.0,4.0,6.0,0.99,0.98,0.97,0.97,75.91,154.67
9821,9,10219,11126910,7.0,5.0,9.0,0.0,0.0,0.11,0.01,46.39,155.44
9822,8,52,13119,6.0,4.0,6.0,0.98,0.99,0.38,0.27,15.62,151.0
9823,2,3,121,2.0,1.0,2.0,1.0,1.0,1.0,1.0,0.07,124.0
9824,4,12,1614,4.0,3.0,4.0,1.0,1.0,0.67,0.79,36.25,129.75
9825,5,54,42044,5.0,4.0,5.0,1.0,1.0,0.17,0.04,14.18,146.6
9826,4,39,3562,4.0,3.0,4.0,1.0,1.0,0.41,0.31,105.48,168.5
9827,6,61,29399,3.0,2.0,4.0,1.0,1.0,0.74,0.91,101.26,140.5
9828,4,35,4193,3.0,2.0,4.0,1.0,1.0,0.71,0.74,95.07,154.25
9829,14,222,50683,7.0,5.0,14.0,0.91,0.81,0.67,0.35,53.9,130.14
9830,5,104,22741,2.0,1.0,4.0,1.0,1.0,0.47,0.29,126.31,148.4
9831,7,53,21901,5.0,4.0,6.0,0.98,1.0,0.7,0.9,102.05,117.29
9832,17,225,47823,11.0,4.0,13.0,0.98,0.96,0.62,0.44,39.87,130.82
9833,27,475,142493,16.0,3.0,21.0,0.91,0.86,0.52,0.35,28.09,118.33
9834,45,990,323412,18.0,2.0,29.0,0.86,0.84,0.44,0.28,35.57,98.71
9835,19,1596,148845,15.0,7.0,18.0,0.94,0.9,0.87,0.56,61.71,141.47
9837,7,64,14203,6.0,5.0,6.0,0.98,1.0,0.55,0.35,63.66,196.57
9838,7,15,1554,6.0,6.0,6.0,1.0,1.0,0.6,0.84,14.35,202.86
9839,5,127,26100,4.0,2.0,5.0,1.0,1.0,0.84,0.89,112.63,110.8
9840,12,4118,734305,9.0,4.0,11.0,0.03,0.04,0.02,0.01,63.43,132.17
9841,9,60,42875,5.0,4.0,8.0,1.0,1.0,0.57,0.75,76.92,171.11
9842,4,50,33771,4.0,4.0,4.0,0.98,1.0,0.38,0.05,0.06,170.5
9850,9,136,38898,3.0,2.0,7.0,1.0,1.0,0.63,0.5,41.89,114.33
9851,70,21350,22440185,11.0,5.0,25.0,1.0,1.0,0.3,0.02,9.11,120.23
9852,8,98,66144,5.0,3.0,8.0,1.0,1.0,0.08,0.01,51.93,142.0
9853,6,42,23895,4.0,5.0,6.0,0.98,1.0,0.52,0.85,49.23,177.33
9854,3,12,3168,2.0,2.0,3.0,0.92,0.98,0.08,0.01,20.09,207.33
9855,5,22,1485,4.0,5.0,5.0,1.0,1.0,0.82,0.88,59.97,186.8
9856,6,85,35334,4.0,3.0,6.0,1.0,1.0,0.42,0.3,42.59,167.5
9857,7,42,16356,7.0,6.0,7.0,1.0,1.0,0.45,0.24,17.34,131.29
9858,15,211,53583,5.0,2.0,12.0,1.0,1.0,0.58,0.23,68.01,135.07
9859,7,91,68605,6.0,5.0,7.0,0.99,1.0,0.1,0.02,26.28,185.14
9860,12,146,109230,5.0,3.0,9.0,1.0,1.0,0.46,0.3,5.89,157.83
9861,6,45,9918,4.0,2.0,6.0,1.0,1.0,0.47,0.32,17.94,130.17
9862,6,158,91160,5.0,3.0,6.0,1.0,1.0,0.35,0.05,58.53,182.5
9863,21,315,116236,17.0,8.0,18.0,0.68,0.58,0.55,0.55,43.94,156.29
9864,21,387,112682,9.0,7.0,18.0,1.0,1.0,0.58,0.58,78.27,120.57
9865,11,99,24088,5.0,4.0,10.0,1.0,1.0,0.38,0.24,56.32,165.0
9866,10,169,29257,7.0,5.0,9.0,0.99,1.0,0.45,0.28,5.76,134.8
9867,9,164,41110,4.0,2.0,9.0,1.0,1.0,0.48,0.25,95.09,150.56
9868,5,56,15819,3.0,3.0,5.0,0.98,0.99,0.21,0.05,80.98,117.0
9869,4,905,49628,3.0,2.0,3.0,1.0,1.0,0.99,0.87,22.7,186.5
9870,5,59,18647,4.0,2.0,4.0,1.0,1.0,0.47,0.42,44.87,136.8
9871,5,75,27111,3.0,2.0,5.0,1.0,1.0,0.53,0.83,155.19,147.4
9872,6,34,23350,3.0,3.0,4.0,1.0,1.0,0.03,0.0,0.23,164.83
9873,6,142,83193,6.0,4.0,6.0,0.99,1.0,0.47,0.27,85.23,159.83
9874,5,348,106574,3.0,1.0,5.0,1.0,1.0,0.4,0.14,52.71,148.4
9875,6,99,42879,4.0,3.0,5.0,1.0,1.0,0.19,0.06,33.52,155.17
9876,7,56,16106,5.0,4.0,7.0,1.0,1.0,0.64,0.87,44.35,150.0
9877,5,48,5232,4.0,2.0,5.0,1.0,1.0,0.98,0.99,71.76,149.8
9878,13,140,57965,7.0,4.0,11.0,0.96,0.97,0.69,0.8,7.51,142.15
9879,12,215,104726,6.0,3.0,12.0,0.94,0.93,0.38,0.11,46.64,137.83
9880,13,355,212012,10.0,5.0,12.0,1.0,1.0,0.37,0.15,86.31,152.69
9881,9,71,27174,6.0,5.0,8.0,1.0,1.0,0.23,0.09,50.15,167.11
9882,10,146,88069,3.0,2.0,9.0,1.0,1.0,0.53,0.66,54.36,169.3
9883,12,150,61946,7.0,4.0,10.0,1.0,1.0,0.55,0.82,99.15,160.08
9884,12,225,86557,4.0,2.0,11.0,0.84,0.88,0.62,0.71,91.58,120.5
9885,9,33,5564,7.0,5.0,8.0,1.0,1.0,0.58,0.82,42.34,127.22
9886,12,165,36040,6.0,5.0,10.0,0.99,0.99,0.61,0.43,47.94,131.5
9887,8,119,47780,6.0,3.0,8.0,1.0,1.0,0.47,0.56,75.86,160.0
9889,2,61,44841,2.0,1.0,2.0,1.0,1.0,0.75,0.84,66.34,120.5
9890,9,197,207227,6.0,4.0,9.0,1.0,1.0,0.09,0.01,28.25,127.89
9891,8,6063,1925935,2.0,2.0,7.0,0.0,0.0,0.47,0.47,223.92,117.75
9892,11,4008,3629132,4.0,3.0,7.0,1.0,1.0,0.4,0.02,30.57,121.27
9893,11,166,89069,5.0,3.0,10.0,1.0,1.0,0.55,0.75,63.47,190.36
9894,9,164,74845,5.0,4.0,9.0,0.99,0.99,0.57,0.39,104.21,151.89
9895,11,166,60259,5.0,5.0,11.0,1.0,1.0,0.57,0.58,69.54,151.18
9896,7,124,23404,3.0,1.0,6.0,1.0,1.0,0.16,0.08,139.14,191.43
9897,13,265,230268,5.0,5.0,10.0,1.0,1.0,0.85,0.96,47.6,146.46
9898,14,132,54989,5.0,3.0,9.0,1.0,1.0,0.46,0.29,2.94,130.36
9899,4,80,19378,2.0,1.0,4.0,1.0,1.0,0.61,0.84,200.36,122.25
9900,9,153,57638,3.0,3.0,8.0,1.0,1.0,0.69,0.67,54.84,129.89
9901,7,77,19538,4.0,3.0,6.0,1.0,1.0,0.48,0.21,109.68,128.14
9902,11,172,60020,7.0,4.0,10.0,0.99,1.0,0.35,0.16,81.58,145.18
9903,6,43,5087,4.0,4.0,5.0,1.0,1.0,0.51,0.67,125.3,185.0
9904,9,172,50596,5.0,3.0,8.0,1.0,1.0,0.48,0.28,101.11,150.78
9905,5,69,33666,3.0,2.0,5.0,1.0,1.0,0.59,0.81,87.39,146.6
9906,13,117,24424,9.0,7.0,13.0,0.99,0.99,0.65,0.57,46.2,182.08
9907,9,44,9794,6.0,5.0,9.0,1.0,1.0,0.32,0.15,37.93,192.56
9908,11,69,18660,8.0,7.0,11.0,1.0,1.0,0.45,0.75,43.04,197.0
9909,5,11,1379,5.0,5.0,5.0,1.0,1.0,0.64,0.88,13.05,185.8
9910,11,123,60819,6.0,5.0,9.0,1.0,1.0,0.26,0.08,38.35,190.73
9912,5,47,6055,4.0,2.0,5.0,1.0,1.0,0.6,0.37,72.04,173.4
9913,8,53,12405,4.0,4.0,7.0,1.0,1.0,0.49,0.24,12.72,185.0
9914,11,84,13222,7.0,5.0,10.0,1.0,1.0,0.67,0.82,48.98,172.73
9915,4,22,4496,3.0,3.0,3.0,1.0,1.0,0.41,0.29,25.11,217.75
9916,7,92,18089,3.0,2.0,6.0,0.99,1.0,0.68,0.52,74.34,176.0
9917,5,84,25779,1.0,1.0,3.0,1.0,1.0,0.52,0.39,123.3,172.4
9918,13,1409,697421,6.0,4.0,11.0,1.0,1.0,0.64,0.74,105.15,144.38
9920,27,1144,1216624,8.0,2.0,24.0,0.96,0.98,0.17,0.03,68.39,147.15
9921,19,337,70546,7.0,2.0,16.0,1.0,1.0,0.61,0.35,61.97,168.58
9922,3,111,147396,2.0,1.0,3.0,1.0,1.0,0.01,0.0,7.09,119.33
9971,46,1777,291259,9.0,4.0,25.0,1.0,1.0,0.86,0.35,9.4,121.07
9972,12,462,416156,8.0,4.0,9.0,1.0,1.0,0.15,0.06,66.48,143.42
9973,11,127,44201,5.0,2.0,10.0,1.0,1.0,0.52,0.53,27.77,116.55
9974,6,49,3952,5.0,4.0,6.0,1.0,1.0,0.9,0.94,10.09,152.83
9975,12,180,71086,7.0,3.0,11.0,1.0,1.0,0.4,0.16,53.73,144.33
9976,18,453,229278,9.0,2.0,16.0,1.0,1.0,0.62,0.72,24.99,119.17
9977,8,74,20329,6.0,2.0,8.0,1.0,1.0,0.59,0.43,56.96,130.75
9978,2,2,81,2.0,2.0,2.0,1.0,1.0,0.5,0.51,0.0,188.5
9979,6,45,13658,5.0,4.0,6.0,1.0,1.0,0.62,0.44,16.82,185.5
9980,4,23,9117,3.0,3.0,4.0,1.0,1.0,0.48,0.19,0.68,135.25
9981,5,15,2252,5.0,4.0,5.0,0.93,0.96,0.8,0.93,33.47,161.0
9982,4,55,23498,3.0,3.0,4.0,1.0,1.0,0.6,0.89,71.5,139.0
9983,21,488,295168,9.0,4.0,20.0,0.63,0.5,0.37,0.16,26.46,149.86
9984,11,100,32859,6.0,4.0,9.0,1.0,1.0,0.49,0.7,72.51,161.64
9985,4,71,16628,1.0,1.0,4.0,1.0,1.0,0.59,0.85,204.14,122.0
9986,7,29,10925,7.0,6.0,7.0,1.0,1.0,0.24,0.05,17.35,155.57
9987,3,117,65916,3.0,2.0,3.0,1.0,1.0,0.44,0.07,111.94,165.33
9988,4,77,42666,4.0,3.0,4.0,1.0,1.0,0.66,0.96,69.64,138.5
9990,5,31,8706,3.0,2.0,4.0,1.0,1.0,0.68,0.18,108.04,106.6
9991,5,33,10639,5.0,5.0,5.0,0.97,0.95,0.61,0.84,48.97,121.0
9993,4,34,17499,3.0,3.0,4.0,1.0,1.0,0.5,0.54,30.68,184.0
9995,5,59,20250,2.0,2.0,5.0,1.0,1.0,0.29,0.24,68.9,143.6
9996,4,41,6309,4.0,2.0,4.0,1.0,1.0,0.98,0.99,27.58,154.5
9997,5,43,26595,3.0,5.0,5.0,1.0,1.0,0.51,0.76,59.22,224.0
9998,4,62,37131,3.0,3.0,3.0,1.0,1.0,0.74,0.91,140.04,152.25
9999,9,51,15065,5.0,3.0,9.0,1.0,1.0,0.9,0.99,34.52,152.22
10000,7,87,26109,3.0,1.0,6.0,1.0,1.0,0.71,0.67,80.84,115.29
10001,3,12,2372,2.0,2.0,2.0,1.0,1.0,0.67,0.53,0.06,167.0
10002,13,373,179899,8.0,5.0,12.0,1.0,1.0,0.43,0.08,79.81,152.38
10003,9,92,18452,8.0,6.0,9.0,1.0,1.0,0.67,0.56,55.78,127.33
10004,4,23,1290,3.0,3.0,4.0,1.0,1.0,0.43,0.58,67.54,186.25
10005,2,21,1190,2.0,2.0,2.0,1.0,1.0,0.48,0.63,135.09,186.0
10006,6,198,19517,5.0,4.0,6.0,1.0,1.0,0.05,0.04,95.06,172.33
10007,7,166,163501,6.0,4.0,7.0,0.99,1.0,0.08,0.01,71.37,168.29
10008,6,58,17282,5.0,3.0,6.0,1.0,1.0,0.69,0.89,59.72,164.17
10009,2,32,5517,1.0,1.0,1.0,1.0,1.0,1.0,1.0,27.89,124.0
10011,7,157,60561,5.0,2.0,6.0,1.0,1.0,0.58,0.44,120.88,158.0
10012,3,95,19871,3.0,1.0,3.0,1.0,1.0,0.74,0.39,100.95,124.0
10023,11,179,60505,4.0,3.0,8.0,0.99,1.0,0.4,0.33,11.57,120.91
10024,7,65,25680,4.0,3.0,7.0,0.74,0.85,0.15,0.04,77.66,166.57
10025,12,158,100378,6.0,6.0,10.0,1.0,1.0,0.49,0.4,24.11,154.25
10026,6,131,54396,4.0,2.0,5.0,1.0,1.0,0.41,0.6,97.83,154.0
10027,13,3435,444336,8.0,4.0,10.0,0.04,0.08,0.98,0.95,70.88,124.69
10028,6,1172,208362,5.0,5.0,6.0,0.01,0.0,0.0,0.0,22.09,132.17
10029,23,491,595729,4.0,2.0,7.0,1.0,1.0,0.16,0.04,16.73,98.3
10030,6,24,7344,6.0,6.0,6.0,1.0,1.0,0.42,0.19,0.01,229.17
10031,4,37,10403,4.0,2.0,4.0,1.0,1.0,0.65,0.44,0.09,139.0
10032,8,125,43576,8.0,6.0,8.0,1.0,1.0,0.62,0.74,58.95,194.75
10033,3,77,35310,3.0,2.0,3.0,1.0,1.0,0.71,0.8,57.29,97.0
10034,8,33,8714,5.0,4.0,7.0,1.0,1.0,0.39,0.1,34.42,184.12
10036,3,27,9363,3.0,2.0,3.0,1.0,1.0,0.04,0.0,57.37,206.67
10038,4,6,288,3.0,2.0,3.0,1.0,1.0,0.67,0.67,0.0,152.75
10039,11,140,42161,9.0,6.0,11.0,1.0,1.0,0.54,0.3,3.47,143.91
10040,8,46,10861,8.0,7.0,8.0,1.0,1.0,0.67,0.88,40.95,131.25
10042,1,9,1767,1.0,1.0,1.0,1.0,1.0,1.0,1.0,0.54,124.0
10043,5,37,4348,5.0,4.0,5.0,0.97,0.98,0.19,0.3,57.67,113.2
10044,10,444,379257,7.0,5.0,8.0,1.0,1.0,0.41,0.11,84.1,122.4
10045,8,223,42103,6.0,1.0,7.0,0.89,0.68,0.71,0.67,87.1,139.38
10046,9,5030,5117095,7.0,4.0,9.0,1.0,1.0,0.3,0.02,110.67,164.56
10047,7,53,15032,6.0,4.0,7.0,0.81,0.62,0.25,0.06,58.56,155.86
10048,8,94,33610,6.0,4.0,8.0,1.0,1.0,0.76,0.72,52.8,147.62
10049,23,776,332180,12.0,3.0,21.0,0.95,0.96,0.42,0.27,64.73,123.83
10050,27,433,158243,15.0,3.0,24.0,1.0,1.0,0.32,0.22,90.15,144.85
10051,3,19,9024,3.0,3.0,3.0,1.0,1.0,0.47,0.2,0.18,145.0
10052,9,214,33993,7.0,3.0,8.0,1.0,1.0,0.17,0.16,12.08,98.11
10053,9,135,36881,6.0,4.0,8.0,1.0,1.0,0.37,0.17,103.68,171.44
10055,17,223,46973,13.0,4.0,16.0,1.0,1.0,0.53,0.39,26.4,123.71
10056,50,2098,1790858,17.0,4.0,29.0,1.0,1.0,0.84,0.96,53.75,118.1
10057,5,65,32053,5.0,3.0,5.0,1.0,1.0,0.55,0.47,96.99,163.0
10059,7,144,99357,4.0,2.0,6.0,1.0,1.0,0.12,0.03,82.07,174.57
10060,7,97,61141,6.0,5.0,7.0,1.0,1.0,0.34,0.05,17.31,137.29
10061,4,35,8116,3.0,2.0,4.0,1.0,1.0,0.69,0.29,68.88,105.5
10062,4,35,8813,3.0,3.0,4.0,0.97,1.0,0.34,0.09,104.49,84.75
10063,8,28,2792,7.0,7.0,7.0,1.0,1.0,0.75,0.89,21.41,159.0
10064,13,87,18911,8.0,8.0,13.0,1.0,1.0,0.3,0.17,16.82,129.31
10109,16,5079,5259871,7.0,2.0,14.0,1.0,1.0,0.32,0.12,23.71,135.88
10110,7,101,14241,6.0,3.0,7.0,1.0,1.0,0.6,0.67,88.71,160.43
10111,5,247,163135,5.0,5.0,5.0,1.0,1.0,0.4,0.05,0.41,143.2
10112,19,1691,1400345,8.0,5.0,15.0,1.0,1.0,0.1,0.01,62.26,146.11
10113,10,91,17148,6.0,4.0,10.0,1.0,1.0,0.58,0.36,42.61,148.5
10114,3,53,19794,3.0,2.0,3.0,1.0,1.0,0.34,0.11,20.47,206.33
10116,3,20,1321,2.0,2.0,3.0,0.95,0.93,0.9,0.9,93.43,100.67
10117,5,72,28503,4.0,4.0,4.0,1.0,1.0,0.58,0.89,101.99,197.8
10118,6,51,16321,5.0,3.0,6.0,1.0,1.0,0.04,0.0,54.61,151.17
10120,7,84,33543,6.0,4.0,7.0,1.0,1.0,0.7,0.73,50.74,157.14
10121,4,26,5531,3.0,3.0,4.0,1.0,1.0,0.54,0.34,0.3,138.25
10122,3,7,1296,3.0,2.0,3.0,1.0,1.0,1.0,1.0,0.32,124.0
10123,21,449,109378,9.0,4.0,16.0,1.0,1.0,0.41,0.23,77.16,158.29
10124,11,238,78846,7.0,2.0,9.0,1.0,1.0,0.41,0.46,109.42,146.36
10125,3,39,10162,2.0,1.0,3.0,1.0,1.0,0.05,0.02,110.61,162.0
10126,2,8,437,2.0,2.0,2.0,1.0,1.0,0.38,0.38,0.12,243.0
10127,3,65,28551,1.0,1.0,3.0,0.29,0.05,0.54,0.26,91.97,121.33
10128,3,25,8292,3.0,3.0,3.0,1.0,1.0,0.4,0.17,20.33,142.0
10129,3,27,2106,2.0,2.0,3.0,1.0,1.0,0.44,0.39,185.12,98.67
10130,3,37,15144,2.0,2.0,3.0,1.0,1.0,0.54,0.28,37.05,166.67
10131,1,11,2166,1.0,1.0,1.0,1.0,1.0,1.0,1.0,159.63,124.0
10132,4,16,1355,4.0,4.0,4.0,1.0,1.0,0.75,0.88,0.63,167.5
10133,8,124,45688,5.0,2.0,8.0,1.0,1.0,0.65,0.31,52.49,129.75
10134,6,110,21903,5.0,2.0,6.0,1.0,1.0,0.66,0.64,45.16,145.5
10135,7,47,3362,5.0,5.0,6.0,1.0,1.0,0.6,0.57,79.4,130.14
10136,8,1964,2030927,6.0,2.0,8.0,1.0,1.0,0.28,0.03,99.55,121.5
10137,3,23,8131,3.0,3.0,3.0,1.0,1.0,0.39,0.34,3.52,71.33
10139,5,33,2150,5.0,5.0,5.0,1.0,1.0,0.64,0.6,56.61,157.0
10141,16,5938,6388122,8.0,3.0,14.0,1.0,1.0,0.27,0.03,102.9,104.06
10142,4,35,3373,4.0,3.0,4.0,0.97,0.99,0.94,0.97,15.22,84.0
10143,2,30,18728,2.0,1.0,2.0,1.0,1.0,0.57,0.86,130.19,124.0
10144,2,2,84,2.0,2.0,2.0,1.0,1.0,0.5,0.48,0.0,188.5
10145,7,127,47925,5.0,2.0,7.0,0.65,0.49,0.57,0.28,81.41,114.86
10146,7,53,10118,7.0,6.0,7.0,1.0,1.0,0.19,0.1,31.13,154.0
10147,1,36,19140,1.0,1.0,1.0,1.0,1.0,0.61,0.89,177.67,124.0
10148,5,50,5750,3.0,2.0,3.0,1.0,1.0,0.74,0.81,112.25,110.2
10149,5,89,11809,4.0,3.0,4.0,1.0,1.0,0.53,0.37,134.27,148.2
10150,3,179,9128,2.0,1.0,3.0,1.0,1.0,0.99,0.99,0.02,121.0
10152,5,90,10783,4.0,2.0,4.0,1.0,1.0,0.81,0.87,152.59,148.4
10153,9,249,44708,4.0,3.0,7.0,0.79,0.33,0.82,0.35,0.59,147.67
10154,8,28,14538,6.0,5.0,6.0,1.0,1.0,0.07,0.01,0.15,145.25
10155,3,19,3392,1.0,1.0,1.0,1.0,1.0,0.89,0.66,8.87,100.67
10156,2,19,1394,2.0,2.0,2.0,1.0,1.0,0.63,0.59,137.63,188.5
10157,8,560,381084,7.0,3.0,8.0,1.0,1.0,0.44,0.09,35.02,122.25
10158,7,48,10238,5.0,4.0,6.0,1.0,1.0,0.6,0.27,72.12,194.29
10159,4,19,4688,4.0,4.0,4.0,0.95,0.99,0.37,0.13,0.02,167.0
10179,3,10,836,3.0,3.0,3.0,0.9,0.93,0.1,0.07,3.04,56.67
10182,2,63,52408,1.0,2.0,2.0,1.0,1.0,0.98,1.0,19.25,91.0
10184,7,28,6249,4.0,5.0,5.0,1.0,1.0,0.39,0.26,1.75,190.43
10186,16,370,73251,9.0,4.0,13.0,1.0,1.0,0.67,0.3,37.46,148.75
10187,15,2690,649804,11.0,8.0,14.0,0.05,0.15,0.03,0.02,34.43,133.87
10188,7,121,71971,6.0,3.0,7.0,1.0,1.0,0.24,0.06,50.21,158.29
10189,5,40,13715,4.0,3.0,4.0,1.0,1.0,0.5,0.42,28.62,149.2
10190,4,101,30655,3.0,1.0,3.0,1.0,1.0,0.56,0.37,142.76,124.0
10191,17,412,137476,10.0,4.0,15.0,1.0,1.0,0.22,0.32,66.48,124.94
10192,10,141,45939,7.0,3.0,10.0,0.99,1.0,0.33,0.12,118.07,119.0
10193,6,47,25008,4.0,2.0,5.0,1.0,1.0,0.04,0.0,20.36,127.17
10194,16,219,42538,10.0,4.0,13.0,1.0,1.0,0.49,0.42,74.37,161.56
10196,7,45,19741,6.0,5.0,7.0,1.0,1.0,0.04,0.0,19.59,157.29
10197,5,29,2076,5.0,4.0,5.0,0.97,0.96,0.59,0.55,56.29,121.0
10198,6,58,13008,2.0,2.0,4.0,1.0,1.0,0.55,0.38,65.91,163.33
10199,6,91,28876,3.0,2.0,6.0,0.99,1.0,0.47,0.62,115.84,151.5
10257,8,73,20419,6.0,4.0,7.0,1.0,1.0,0.38,0.18,4.9,128.12
10258,14,156,82580,8.0,5.0,11.0,1.0,1.0,0.62,0.41,30.66,141.14
10260,3,47,13356,2.0,2.0,2.0,1.0,1.0,0.49,0.32,70.49,165.33
10261,3,19,1302,2.0,2.0,3.0,1.0,1.0,0.89,0.93,86.67,163.0
10262,14,466,181220,8.0,2.0,13.0,1.0,1.0,0.53,0.61,83.96,130.5
10263,3,94,24549,3.0,1.0,3.0,1.0,1.0,0.43,0.28,149.83,162.0
10264,8,111,48529,5.0,3.0,6.0,0.66,0.67,0.28,0.31,93.25,181.5
10266,5,32,13435,4.0,4.0,5.0,1.0,1.0,0.66,0.94,114.17,117.2
10268,5,49,8584,4.0,2.0,5.0,1.0,1.0,0.55,0.67,117.05,143.6
10269,6,64,25595,4.0,4.0,6.0,1.0,1.0,0.23,0.3,50.93,192.0
10271,4,66,63765,2.0,2.0,4.0,1.0,1.0,0.18,0.01,69.14,151.25
10272,7,1067,1298728,4.0,2.0,6.0,1.0,1.0,0.06,0.01,13.9,122.0
10273,13,121,25485,8.0,4.0,10.0,1.0,1.0,0.64,0.62,39.39,121.54
10274,6,60,13662,5.0,3.0,6.0,1.0,1.0,0.55,0.35,60.17,109.83
10275,4,31,4910,3.0,1.0,4.0,1.0,1.0,0.55,0.48,96.8,104.75
10276,4,72,22082,2.0,1.0,4.0,1.0,1.0,0.67,0.34,101.98,154.5
10277,2,10,1342,2.0,2.0,2.0,1.0,1.0,0.9,0.97,50.19,188.5
10278,7,898,1253812,5.0,3.0,6.0,1.0,1.0,0.04,0.02,44.05,129.71
10279,2,32,5684,2.0,2.0,2.0,1.0,1.0,0.97,0.99,75.54,185.0
10280,7,84,20157,5.0,3.0,6.0,1.0,1.0,0.24,0.18,52.56,148.57
10293,9,499,471898,4.0,2.0,8.0,1.0,1.0,0.38,0.11,7.86,100.78
10294,22,518,327785,10.0,4.0,19.0,0.84,0.9,0.41,0.09,6.63,86.55
10295,10,96,23304,7.0,5.0,10.0,0.14,0.03,0.61,0.62,14.29,97.4
10296,14,103,29930,9.0,6.0,12.0,0.93,0.98,0.35,0.2,1.54,98.29
10297,6,43,4369,3.0,3.0,5.0,1.0,1.0,0.44,0.53,9.81,127.0
10298,15,1245,1057081,7.0,5.0,11.0,0.14,0.04,0.23,0.04,13.94,99.13
10299,7,345,63501,5.0,3.0,7.0,0.21,0.24,0.8,0.7,14.89,91.43
10300,24,281,147434,9.0,5.0,19.0,0.83,0.9,0.52,0.18,8.72,75.42
10301,26,1309,1488052,11.0,6.0,20.0,1.0,1.0,0.18,0.02,8.53,81.15
10302,15,453,146537,7.0,5.0,14.0,0.61,0.81,0.72,0.67,25.6,58.87
10303,5,124,90437,4.0,2.0,4.0,0.7,0.83,0.4,0.19,7.49,71.6
10304,3,135,146387,3.0,2.0,3.0,1.0,1.0,0.1,0.01,3.99,123.0
10305,26,2086,2473754,11.0,6.0,21.0,1.0,1.0,0.16,0.01,10.64,100.38
10306,10,468,452091,6.0,2.0,10.0,1.0,1.0,0.25,0.05,17.25,79.3
10307,12,238,245171,6.0,4.0,10.0,0.89,0.98,0.21,0.03,2.36,59.17
10331,11,199,75986,8.0,5.0,11.0,0.89,0.9,0.57,0.46,29.46,78.45
10334,4,47,19613,3.0,3.0,4.0,0.3,0.16,0.53,0.39,1.68,102.25
10335,5,147,24198,2.0,3.0,4.0,0.45,0.27,0.46,0.42,79.84,143.2
10336,10,406,213975,4.0,5.0,8.0,0.1,0.03,0.67,0.88,59.75,87.2
10337,11,11416,13938582,3.0,4.0,9.0,0.02,0.0,0.01,0.0,56.76,108.09
10351,4,34,13599,4.0,2.0,4.0,0.53,0.57,0.68,0.78,0.12,122.0
10355,5,8,412,4.0,5.0,5.0,1.0,1.0,0.12,0.1,0.26,138.6
10357,3,33,4271,2.0,2.0,3.0,1.0,1.0,0.33,0.5,21.81,130.67
10358,2,11,730,2.0,2.0,2.0,1.0,1.0,0.45,0.27,0.46,169.0
10361,3,5,404,2.0,2.0,2.0,1.0,1.0,0.2,0.1,0.41,79.0
10371,4,53,9764,4.0,4.0,4.0,1.0,1.0,0.3,0.29,6.3,122.25
10372,12,4814,6631996,7.0,5.0,9.0,1.0,1.0,0.07,0.0,8.26,99.75
10373,3,4,246,3.0,3.0,3.0,1.0,1.0,0.25,0.16,0.2,153.33
10376,4,18,2360,4.0,4.0,4.0,0.94,0.98,0.5,0.62,0.03,154.0
10380,2,16,1454,2.0,2.0,2.0,1.0,1.0,0.06,0.03,63.21,170.0
10389,36,398,68746,6.0,4.0,9.0,1.0,1.0,0.49,0.44,0.27,156.36
10390,6,9,392,5.0,5.0,5.0,1.0,1.0,0.11,0.13,10.76,183.5
10392,3,30,10940,2.0,2.0,3.0,0.43,0.22,0.6,0.48,0.47,122.0
10397,3,15,2594,3.0,3.0,3.0,1.0,1.0,0.87,0.97,0.14,118.67
10404,5,46,6681,3.0,4.0,4.0,0.98,0.99,0.67,0.81,3.5,133.4
10419,5,2969,4248732,4.0,2.0,5.0,0.06,0.03,0.01,0.0,6.99,136.4
10420,6,56,26286,5.0,3.0,6.0,0.98,1.0,0.66,0.64,0.43,107.17
10421,11,201,65431,4.0,4.0,6.0,0.27,0.23,0.61,0.59,7.62,147.18
10422,6,119,29351,4.0,2.0,5.0,0.24,0.15,0.54,0.55,1.18,95.83
10423,8,1523,745704,5.0,4.0,6.0,1.0,1.0,0.42,0.08,46.61,104.5
10424,7,156,41192,2.0,3.0,4.0,0.6,0.72,0.76,0.6,8.55,84.71
10426,5,59,13927,3.0,2.0,4.0,1.0,1.0,0.37,0.29,5.26,102.2
10427,7,80,35823,3.0,3.0,7.0,0.59,0.61,0.31,0.22,0.11,112.57
10428,7,65,13693,5.0,5.0,6.0,1.0,1.0,0.32,0.25,3.03,142.71
10434,8,73,13511,5.0,4.0,7.0,0.96,0.99,0.89,0.97,9.9,84.12
10435,6,80,23375,2.0,2.0,5.0,1.0,1.0,0.61,0.57,10.96,65.0
10436,5,47,11810,4.0,4.0,4.0,0.3,0.41,0.7,0.59,6.65,173.2
10437,19,653,245355,5.0,4.0,12.0,1.0,1.0,0.64,0.37,14.31,78.37
10438,10,326,195832,4.0,3.0,9.0,0.79,0.94,0.39,0.11,18.31,76.9
10439,8,131,43767,4.0,4.0,7.0,0.63,0.7,0.4,0.32,4.15,81.5
10440,8,67,13940,7.0,6.0,7.0,0.99,0.95,0.33,0.19,5.74,101.88
10441,6,517,263446,4.0,3.0,6.0,0.07,0.04,0.47,0.37,4.36,91.0
10442,14,263,73835,5.0,5.0,11.0,0.93,0.89,0.38,0.22,8.24,76.29
10443,14,235,54059,5.0,4.0,10.0,1.0,1.0,0.66,0.41,11.44,98.29
10444,8,92,22978,5.0,5.0,6.0,0.67,0.53,0.39,0.42,4.61,93.12
10529,4,42,17165,2.0,3.0,4.0,1.0,1.0,0.64,0.49,12.01,54.75
10530,2,13,4283,1.0,1.0,2.0,0.92,0.71,0.46,0.1,0.44,246.5
10533,8,39,13213,7.0,6.0,7.0,0.95,0.81,0.38,0.29,0.06,177.88
10534,15,570,247206,9.0,3.0,13.0,0.47,0.47,0.51,0.32,5.97,96.6
10535,10,56,44723,6.0,4.0,9.0,0.89,0.83,0.27,0.11,0.02,133.1
10536,4,78,30652,3.0,2.0,4.0,0.77,0.5,0.58,0.35,15.74,114.75
10537,2,18,7866,2.0,2.0,2.0,0.94,0.99,0.06,0.01,0.06,57.0
10538,6,86,29152,3.0,3.0,6.0,1.0,1.0,0.35,0.17,5.11,54.83
10539,23,573,480486,4.0,3.0,20.0,0.85,0.87,0.88,0.91,5.26,140.65
10541,6,161,109575,5.0,3.0,5.0,0.63,0.73,0.47,0.31,8.6,66.5
10542,3,37,17645,3.0,3.0,3.0,1.0,1.0,0.38,0.09,0.03,186.67
10543,3,49,13652,3.0,2.0,3.0,0.33,0.2,0.98,1.0,0.27,122.67
10545,1,15,2725,1.0,1.0,1.0,1.0,1.0,1.0,1.0,0.33,60.0
10548,5,51,15878,4.0,4.0,5.0,0.98,1.0,0.69,0.26,10.42,98.2
10549,6,52,42833,4.0,5.0,6.0,0.96,1.0,0.21,0.18,1.23,87.17
10550,7,90,53941,4.0,4.0,7.0,0.98,0.95,0.44,0.28,1.57,141.43
10552,4,23,8520,4.0,4.0,4.0,0.13,0.02,0.87,0.98,0.03,101.75
10554,2,3,2516,2.0,2.0,2.0,0.33,0.02,0.33,0.49,0.0,153.0
10555,5,124,30186,4.0,3.0,5.0,0.34,0.44,0.66,0.56,21.23,69.0
10556,5,17,6820,3.0,3.0,5.0,0.76,0.45,0.47,0.42,0.19,172.6
10557,3,5,248,2.0,2.0,2.0,1.0,1.0,0.4,0.32,0.0,123.67
10558,2,11,1425,2.0,2.0,2.0,1.0,1.0,0.91,0.97,0.06,156.5
10559,6,49,13821,6.0,6.0,6.0,0.94,0.99,0.45,0.41,1.93,186.5
10560,2,2,1280,2.0,2.0,2.0,0.5,0.04,0.5,0.96,0.0,56.5
10565,2,31,5881,1.0,1.0,2.0,1.0,1.0,1.0,1.0,0.21,60.0
10566,4,28,10762,3.0,2.0,4.0,0.96,0.88,0.57,0.4,0.02,153.75
10570,5,73,32144,4.0,2.0,5.0,0.48,0.39,0.23,0.12,0.37,148.0
10572,3,39,12469,2.0,2.0,3.0,0.03,0.0,0.95,0.9,0.26,75.33
10573,2,3,2520,2.0,2.0,2.0,0.33,0.02,0.33,0.49,0.0,52.5
10574,6,7,2680,4.0,4.0,4.0,0.71,0.08,0.14,0.46,0.0,217.83
10577,4,19,1194,4.0,4.0,4.0,1.0,1.0,0.26,0.28,1.14,103.0
10578,7,12,4932,4.0,4.0,6.0,0.75,0.24,0.08,0.25,0.15,192.57
10579,3,18,5285,3.0,2.0,3.0,0.89,0.53,0.89,0.75,0.05,124.67
12280,6,80,26984,4.0,4.0,6.0,0.66,0.7,0.56,0.33,53.6,90.83
12281,8,115,36644,4.0,3.0,6.0,1.0,1.0,0.45,0.19,2.17,91.5
12283,10,24,1509,8.0,6.0,9.0,0.92,0.9,0.12,0.1,5.74,143.9
12284,7,136,37984,4.0,2.0,6.0,1.0,1.0,0.49,0.34,37.48,114.29
12290,6,90,61092,6.0,4.0,6.0,0.3,0.04,0.17,0.03,0.57,125.5
12292,6,65,5202,4.0,3.0,5.0,1.0,1.0,0.94,0.97,0.1,121.5
12294,4,5,252,4.0,4.0,4.0,1.0,1.0,0.4,0.51,0.0,202.25
12295,8,9,499,6.0,7.0,7.0,0.89,0.75,0.22,0.26,5.77,226.75
12296,4,49,16769,4.0,3.0,4.0,1.0,1.0,0.41,0.14,4.38,155.25
12298,9,192,30598,7.0,5.0,8.0,0.99,1.0,0.69,0.57,3.42,79.44
12408,5,6,302,3.0,3.0,3.0,1.0,1.0,0.33,0.47,0.01,211.8
12413,6,19,2900,4.0,4.0,4.0,1.0,1.0,0.74,0.93,0.07,184.67
12415,2,140,98459,2.0,2.0,2.0,0.01,0.0,0.39,0.08,0.98,154.0
12418,1,1,40,1.0,1.0,1.0,1.0,1.0,1.0,1.0,0.0,60.0
12422,3,29,3788,3.0,3.0,3.0,1.0,1.0,0.48,0.72,0.24,118.33
12424,5,8,340,4.0,5.0,5.0,1.0,1.0,0.5,0.47,0.0,135.0
12425,5,18,3945,5.0,5.0,5.0,1.0,1.0,0.44,0.58,0.02,174.6
12426,6,6,357,4.0,4.0,4.0,0.67,0.45,0.17,0.2,0.0,185.33
12429,5,11,938,4.0,5.0,5.0,0.91,0.96,0.55,0.74,0.22,131.8
12430,4,4,160,4.0,4.0,4.0,1.0,1.0,0.25,0.25,0.0,152.75
12441,4,119,61860,2.0,2.0,3.0,0.14,0.09,0.55,0.8,8.53,67.0
12442,7,68,21067,4.0,2.0,5.0,1.0,1.0,0.5,0.38,0.34,146.0
12443,4,179,52843,2.0,2.0,3.0,0.23,0.11,0.42,0.56,14.14,64.25
12445,6,15,1366,2.0,2.0,3.0,1.0,1.0,0.47,0.31,0.04,134.0
12446,8,154,82001,2.0,3.0,6.0,0.13,0.04,0.34,0.46,12.64,123.5
12448,4,15,2665,4.0,4.0,4.0,1.0,1.0,0.8,0.95,0.15,103.25
12451,5,16,1847,5.0,5.0,5.0,1.0,1.0,0.75,0.91,0.05,172.2
12457,4,17,2798,4.0,4.0,4.0,1.0,1.0,0.82,0.95,0.14,202.25
12554,6,7,332,3.0,3.0,3.0,1.0,1.0,0.14,0.16,0.17,186.0
12561,3,6,240,2.0,2.0,2.0,1.0,1.0,0.67,0.67,0.0,186.67
12562,2,2,92,2.0,2.0,2.0,1.0,1.0,0.5,0.57,0.0,156.0
12564,6,61,15481,3.0,2.0,3.0,0.51,0.46,0.08,0.02,12.47,101.5
12566,4,54,20611,4.0,3.0,4.0,0.37,0.21,0.33,0.21,7.49,161.0
12568,5,21,2686,4.0,4.0,4.0,1.0,1.0,0.43,0.55,0.05,213.2
12570,5,17,1265,4.0,4.0,4.0,1.0,1.0,0.06,0.04,13.01,218.6
12578,6,44,4765,4.0,4.0,5.0,1.0,1.0,0.52,0.68,15.28,134.83
12583,6,76,42063,1.0,1.0,2.0,0.66,0.77,0.61,0.64,5.58,70.67
12609,38,713,207347,12.0,7.0,24.0,1.0,1.0,0.69,0.33,17.08,127.11
12610,8,451,181395,7.0,4.0,7.0,0.12,0.18,0.48,0.43,72.82,138.75
12611,3,29888,14181309,3.0,3.0,3.0,0.0,0.0,1.0,1.0,99.99,141.67
12612,8,1725,202264,7.0,6.0,8.0,0.02,0.05,0.99,0.97,37.72,138.12
12613,4,23,8740,4.0,2.0,4.0,1.0,1.0,0.52,0.36,1.26,137.75
12614,3,30437,14365887,3.0,3.0,3.0,0.0,0.0,1.0,1.0,100.0,162.33
12615,9,135,60018,9.0,2.0,9.0,0.79,0.78,0.6,0.24,47.97,129.44
12616,9,866,572651,7.0,3.0,9.0,0.53,0.73,0.39,0.16,105.64,130.22
12617,9,5198,3615031,7.0,5.0,7.0,0.01,0.0,0.68,0.88,38.79,168.78
12618,11,466,159396,6.0,5.0,9.0,0.2,0.12,0.42,0.5,31.02,172.55
12619,1,30,25251,1.0,1.0,1.0,0.0,0.0,0.73,0.84,0.09,124.0
12620,8,17,1728,3.0,2.0,3.0,1.0,1.0,0.59,0.8,0.24,209.62
12621,9,318,88263,6.0,3.0,8.0,1.0,1.0,0.5,0.66,40.34,128.11
12713,5,25,2081,5.0,4.0,5.0,1.0,1.0,0.68,0.85,0.03,134.6
12714,5,22,6397,4.0,4.0,4.0,0.95,0.99,0.36,0.2,0.21,94.2
12716,6,10,476,4.0,5.0,5.0,1.0,1.0,0.3,0.33,0.17,154.5
12719,5,50,17844,4.0,4.0,5.0,1.0,1.0,0.24,0.08,1.09,95.0
12720,3,21,6610,2.0,2.0,2.0,1.0,1.0,0.48,0.22,1.39,124.33
12721,4,15,2067,4.0,4.0,4.0,1.0,1.0,0.8,0.94,0.18,167.0
12722,6,57,15275,3.0,3.0,5.0,1.0,1.0,0.33,0.2,24.76,123.0
12723,5,48,7636,5.0,4.0,5.0,1.0,1.0,0.19,0.16,14.29,173.6
13067,8,100,51500,5.0,3.0,7.0,0.99,1.0,0.36,0.09,3.94,110.38
13068,3,46,7622,3.0,2.0,3.0,1.0,1.0,0.41,0.39,2.16,60.67
13069,10,261,126238,7.0,3.0,8.0,1.0,1.0,0.4,0.1,7.75,79.1
13070,17,4189,2554138,8.0,4.0,14.0,1.0,1.0,0.44,0.08,24.0,105.06
13071,12,1786,402284,7.0,4.0,11.0,1.0,1.0,0.99,0.99,56.2,74.42
13072,5,173,178018,4.0,4.0,4.0,0.99,1.0,0.76,0.78,0.3,133.0
13073,6,20,2061,4.0,5.0,6.0,1.0,1.0,0.85,0.94,0.18,155.83
13074,8,199,81452,5.0,5.0,8.0,1.0,1.0,0.98,1.0,18.92,131.75
13075,7,80,18153,3.0,1.0,5.0,0.81,0.71,0.6,0.49,5.65,58.57
13076,3,3,144,3.0,3.0,3.0,0.67,0.61,0.33,0.39,0.0,72.67
13083,4,287,25245,4.0,4.0,4.0,1.0,1.0,0.49,0.46,73.01,159.5
13085,4,253,32863,3.0,4.0,4.0,0.99,0.97,0.51,0.37,81.45,153.5
13086,5,28,9453,5.0,4.0,5.0,1.0,1.0,0.21,0.03,0.14,103.8
13091,8,680,887934,6.0,4.0,7.0,1.0,1.0,0.02,0.0,15.62,107.88
13092,15,514,479064,8.0,3.0,12.0,0.91,0.93,0.3,0.09,22.45,85.07
13093,9,284,260627,7.0,4.0,9.0,1.0,1.0,0.27,0.08,5.48,101.0
13094,8,3776,5567741,6.0,4.0,7.0,1.0,1.0,0.0,0.0,15.36,130.75
13133,9,349,215214,7.0,6.0,7.0,1.0,1.0,0.58,0.18,7.52,121.67
13134,11,16588,17809102,5.0,2.0,9.0,1.0,1.0,0.28,0.02,55.93,77.09
13135,8,30,3754,6.0,4.0,6.0,1.0,1.0,0.53,0.55,4.26,130.25
13136,4,12,1619,3.0,3.0,3.0,0.92,0.97,0.5,0.55,0.01,107.25
13137,9,6839,6951962,5.0,3.0,6.0,1.0,1.0,0.33,0.03,16.04,122.33
13138,15,1265,134351,6.0,3.0,11.0,0.96,0.94,0.88,0.65,53.59,85.0
13139,9,5799,8421320,5.0,2.0,8.0,1.0,1.0,0.02,0.0,20.17,101.78
13140,8,1863,1254867,4.0,2.0,7.0,1.0,1.0,0.4,0.07,77.77,60.12
13141,10,368,41610,5.0,4.0,8.0,1.0,1.0,0.9,0.68,15.1,116.4
13142,9,54,7982,6.0,5.0,8.0,0.98,0.99,0.61,0.73,14.24,101.78
13143,8,38,12132,6.0,5.0,6.0,1.0,1.0,0.24,0.04,0.04,160.75
13148,9,15124,22382133,3.0,3.0,5.0,1.0,1.0,0.0,0.0,38.67,102.0
13149,8,343,90517,5.0,1.0,8.0,0.76,0.69,0.7,0.69,97.77,59.75
13150,7,98,21580,4.0,1.0,5.0,1.0,1.0,0.28,0.16,51.89,59.86
13151,7,17088,25097448,6.0,3.0,7.0,1.0,1.0,0.01,0.0,54.25,113.14
13153,5,16938,25096366,5.0,3.0,5.0,1.0,1.0,0.0,0.0,51.1,97.4
13154,5,45,10356,3.0,2.0,5.0,1.0,1.0,0.62,0.33,1.0,99.8
13155,3,15,1746,3.0,3.0,3.0,1.0,1.0,0.87,0.95,0.71,183.67
13156,3,17,1988,3.0,2.0,3.0,1.0,1.0,0.94,0.98,0.41,123.33
13157,4,14,4334,3.0,3.0,4.0,0.5,0.09,0.86,0.98,19.78,155.5
13158,4,13,1442,4.0,4.0,4.0,1.0,1.0,0.38,0.2,1.3,114.75
13160,5,44,9043,4.0,4.0,5.0,0.98,0.99,0.7,0.48,24.28,58.0
13161,7,241,156849,3.0,2.0,6.0,1.0,1.0,0.37,0.06,16.95,114.0
13162,9,240,172265,5.0,3.0,8.0,1.0,1.0,0.39,0.06,9.88,79.56
13163,4,1063,72419,3.0,2.0,4.0,1.0,1.0,1.0,0.99,10.95,56.25
13164,6,45,16261,4.0,2.0,6.0,1.0,1.0,0.09,0.01,0.37,90.0
13165,2,182,113655,1.0,1.0,2.0,1.0,1.0,0.55,0.93,88.31,57.5
13166,1,4,260,1.0,1.0,1.0,1.0,1.0,1.0,1.0,0.07,60.0
13169,5,114,16628,5.0,4.0,5.0,1.0,1.0,0.1,0.08,4.15,179.2
13171,7,55,37566,5.0,6.0,7.0,1.0,1.0,0.27,0.04,0.05,139.14
13173,7,617,517847,7.0,6.0,7.0,0.18,0.01,0.28,0.04,6.42,166.86
13174,13,5584,7432408,6.0,3.0,10.0,1.0,1.0,0.16,0.07,45.57,89.46
13175,4,6389,8185261,4.0,4.0,4.0,1.0,1.0,0.15,0.01,43.12,154.0
13177,3,23,5969,3.0,3.0,3.0,1.0,1.0,0.09,0.02,2.44,121.0
13188,1,4,260,1.0,1.0,1.0,1.0,1.0,1.0,1.0,0.04,60.0
13190,2,8,372,2.0,2.0,2.0,1.0,1.0,0.88,0.88,0.0,151.5
13191,2,168,182324,2.0,2.0,2.0,1.0,1.0,0.24,0.02,0.04,154.0
13193,2,12,739,2.0,2.0,2.0,1.0,1.0,0.75,0.74,0.04,76.0
13201,3,22,2022,2.0,3.0,3.0,0.91,0.94,0.09,0.06,0.43,65.0
13205,3,73,13962,1.0,2.0,2.0,1.0,1.0,0.25,0.12,0.73,81.33
13207,2,19,2590,1.0,1.0,2.0,1.0,1.0,1.0,1.0,0.25,60.0
13208,3,26,16471,3.0,3.0,3.0,1.0,1.0,0.96,1.0,1.85,122.67
13216,3,68,43321,3.0,2.0,3.0,1.0,1.0,0.28,0.04,0.16,68.33
13218,4,222,14037,4.0,4.0,4.0,1.0,1.0,0.99,0.99,5.57,54.5
13219,3,109,29961,3.0,3.0,3.0,1.0,1.0,0.98,1.0,11.71,186.0
13221,6,52,10342,5.0,4.0,6.0,0.56,0.35,0.83,0.95,4.83,128.83
13222,4,5,272,4.0,4.0,4.0,1.0,1.0,0.4,0.53,0.0,202.0
13228,3,416,27700,1.0,1.0,1.0,1.0,1.0,0.95,0.92,51.37,60.67
13229,3,48,11210,2.0,1.0,3.0,1.0,1.0,0.5,0.31,11.39,59.33
13230,1,18,4672,1.0,1.0,1.0,1.0,1.0,0.5,0.23,19.03,60.0
13231,4,4,168,4.0,3.0,4.0,1.0,1.0,0.25,0.24,0.0,154.75
13232,4,214,162872,3.0,1.0,3.0,1.0,1.0,0.41,0.06,6.97,59.5
13233,1,1,40,1.0,1.0,1.0,1.0,1.0,1.0,1.0,0.0,60.0
13236,1,43,16962,1.0,1.0,1.0,1.0,1.0,1.0,1.0,66.42,60.0
13248,1,18,7734,1.0,1.0,1.0,1.0,1.0,1.0,1.0,0.26,60.0
13256,2,15,799,2.0,2.0,2.0,1.0,1.0,0.47,0.47,0.31,147.5
13266,3,15,6923,3.0,2.0,3.0,1.0,1.0,0.2,0.03,0.1,124.33
13271,3,176,73089,3.0,2.0,3.0,1.0,1.0,0.1,0.03,32.06,122.67
13272,1,9,531,1.0,1.0,1.0,1.0,1.0,0.56,0.56,0.06,60.0
13278,7,78,28096,5.0,3.0,6.0,1.0,1.0,0.49,0.17,0.18,93.57
13280,7,2167,3070130,4.0,4.0,6.0,1.0,1.0,0.0,0.0,3.28,123.0
13281,10,3033,2840981,7.0,4.0,10.0,1.0,1.0,0.37,0.03,33.15,96.4
13282,7,5074,6148567,5.0,2.0,7.0,1.0,1.0,0.18,0.01,10.86,58.0
13283,9,1806,132495,5.0,3.0,9.0,1.0,1.0,0.98,0.94,29.12,81.0
13284,6,2938,241809,3.0,1.0,4.0,1.0,1.0,0.98,0.88,53.24,60.0
13285,6,648,701081,4.0,1.0,6.0,1.0,1.0,0.23,0.02,62.32,60.17
13286,22,1806,1488230,5.0,1.0,10.0,1.0,1.0,0.34,0.04,28.12,60.18
13287,13,1181,111513,5.0,2.0,10.0,1.0,1.0,0.95,0.8,15.53,74.77
13288,2,61,14847,2.0,2.0,2.0,1.0,1.0,0.98,1.0,32.66,157.0
13289,4,53,11841,4.0,3.0,4.0,1.0,1.0,0.49,0.37,24.32,152.5
13290,8,176,35875,2.0,1.0,7.0,1.0,1.0,0.8,0.4,3.61,59.88
13292,3,60,12743,3.0,2.0,3.0,1.0,1.0,0.3,0.15,27.78,68.67
13293,11,856,488048,6.0,2.0,10.0,0.98,0.98,0.48,0.09,33.47,77.55
13294,6,37,4297,5.0,4.0,6.0,1.0,1.0,0.49,0.52,8.88,153.17
13295,9,1489,799290,6.0,3.0,8.0,1.0,1.0,0.52,0.09,25.32,59.11
13296,3,14,2208,2.0,3.0,2.0,1.0,1.0,0.86,0.96,0.05,185.33
13298,3,53,26138,3.0,2.0,3.0,1.0,1.0,0.91,0.99,17.6,61.0
13303,4,20,1814,3.0,3.0,3.0,1.0,1.0,0.55,0.8,6.52,203.0
13307,4,865,978662,4.0,4.0,4.0,0.0,0.0,0.12,0.02,0.76,201.5
13313,1,11,1462,1.0,1.0,1.0,1.0,1.0,1.0,1.0,30.35,60.0
13319,3,7234,708467,3.0,3.0,3.0,0.0,0.0,1.0,1.0,104.13,188.33
13415,6,9,417,6.0,6.0,6.0,0.89,0.78,0.11,0.22,2.14,218.83
13419,3,24,11314,2.0,2.0,3.0,1.0,1.0,0.5,0.33,0.25,143.0
13422,3,25,13047,2.0,2.0,3.0,1.0,1.0,0.92,0.99,17.96,144.67
13424,2,2,84,2.0,2.0,2.0,1.0,1.0,0.5,0.48,0.0,154.0
13430,4,26,8269,4.0,4.0,4.0,0.96,0.99,0.5,0.23,0.04,69.5
13436,2,3,196,2.0,2.0,2.0,0.33,0.22,0.33,0.39,0.0,52.5
13439,5,10,404,4.0,5.0,5.0,1.0,1.0,0.3,0.3,2.57,213.6
13450,2,16,1908,2.0,2.0,2.0,1.0,1.0,0.94,0.98,0.18,154.0
13453,3,7,284,3.0,2.0,3.0,1.0,1.0,0.57,0.56,0.0,144.67
13456,4,9,436,4.0,4.0,4.0,0.78,0.65,0.22,0.27,3.31,153.0
13566,6,23,1522,5.0,5.0,6.0,1.0,1.0,0.26,0.25,2.29,191.33
13569,3,12,1327,3.0,3.0,3.0,1.0,1.0,0.92,0.97,0.06,124.33
13570,2,2,84,2.0,2.0,2.0,1.0,1.0,0.5,0.48,0.0,154.0
13573,4,18,1517,3.0,3.0,3.0,1.0,1.0,0.61,0.75,3.44,129.25
13584,1,20,5212,1.0,1.0,1.0,1.0,1.0,1.0,1.0,5.75,60.0
13588,3,12,1174,2.0,3.0,3.0,0.92,0.95,0.83,0.9,0.2,122.0
13589,3,11,1202,3.0,2.0,3.0,1.0,1.0,0.82,0.83,0.31,187.33
13720,7,77,67866,6.0,6.0,6.0,1.0,1.0,0.13,0.02,0.33,176.0
13805,28,740,416161,10.0,5.0,18.0,0.64,0.49,0.46,0.31,8.67,131.21
13806,27,344,174385,9.0,7.0,16.0,1.0,1.0,0.41,0.13,49.97,156.56
13807,9,76,22982,6.0,4.0,7.0,0.79,0.67,0.37,0.33,16.75,136.56
13863,26,421,228730,12.0,6.0,18.0,1.0,1.0,0.45,0.18,1.62,141.42
13864,17,1909,1671215,10.0,5.0,14.0,0.43,0.41,0.45,0.41,18.43,131.94
13865,8,158,61443,7.0,2.0,7.0,1.0,1.0,0.32,0.29,52.72,164.25
13866,12,426,220536,9.0,7.0,11.0,1.0,1.0,0.12,0.03,8.13,150.17
13867,6,64,4984,5.0,6.0,6.0,1.0,1.0,0.53,0.57,47.57,176.0
13868,9,8859,12191970,7.0,4.0,8.0,1.0,1.0,0.08,0.0,56.86,179.44
13869,10,202,91957,6.0,2.0,9.0,1.0,1.0,0.35,0.07,46.54,124.2
13870,6,2535,2652545,5.0,3.0,5.0,0.02,0.0,0.18,0.08,35.05,135.17
13871,7,15,679,6.0,5.0,6.0,1.0,1.0,0.4,0.36,12.12,137.29
13872,5,7541,10096583,5.0,3.0,5.0,1.0,1.0,0.1,0.01,114.82,162.6
13873,4,47,18064,3.0,2.0,4.0,0.43,0.07,0.64,0.82,88.76,103.75
14017,3,25,5508,2.0,1.0,3.0,1.0,1.0,0.24,0.07,37.68,122.33
14018,4,59,12081,2.0,2.0,3.0,1.0,1.0,0.51,0.46,50.01,59.0
14019,11,2773,2606223,8.0,5.0,9.0,0.98,0.99,0.37,0.03,33.1,111.27
14020,10,9171,11331287,6.0,7.0,6.0,0.0,0.0,0.0,0.0,29.57,174.9
14021,8,80,7975,6.0,6.0,7.0,0.21,0.15,0.15,0.09,71.71,157.0
14023,10,48,3137,7.0,6.0,9.0,0.5,0.49,0.35,0.31,56.06,104.7
14025,2,10,741,2.0,2.0,2.0,1.0,1.0,0.9,0.9,11.0,60.0
14026,4,45,11657,4.0,3.0,4.0,1.0,1.0,0.51,0.33,5.05,154.0
14027,3,706,524512,3.0,3.0,3.0,0.0,0.0,0.0,0.0,73.12,133.33
14030,9,138,13882,5.0,6.0,6.0,1.0,1.0,0.64,0.65,92.89,102.44
14031,5,96,25803,3.0,3.0,5.0,0.44,0.22,0.53,0.33,109.53,96.4
14032,6,36,8338,4.0,3.0,6.0,1.0,1.0,0.39,0.3,1.38,63.17
14033,5,51,15744,3.0,2.0,5.0,0.75,0.94,0.37,0.37,55.25,69.8
14034,5,105,33246,3.0,2.0,4.0,1.0,1.0,0.17,0.12,68.95,110.2
14035,8,2055,2068284,7.0,5.0,8.0,0.22,0.05,0.12,0.02,69.66,109.38
14036,8,44,4879,5.0,6.0,5.0,1.0,1.0,0.23,0.35,7.4,191.25
14038,3,25,3478,3.0,3.0,3.0,1.0,1.0,0.48,0.74,0.22,184.33
14039,6,49,10973,4.0,3.0,5.0,1.0,1.0,0.18,0.05,0.09,68.33
14041,4,11,673,4.0,4.0,4.0,1.0,1.0,0.45,0.61,3.22,152.75
14043,3,84,41512,3.0,3.0,3.0,0.01,0.0,0.63,0.87,19.19,186.0
14045,6,81,14915,5.0,5.0,6.0,0.54,0.22,0.49,0.52,45.99,153.17
14046,8,28,21738,5.0,6.0,5.0,0.21,0.01,0.75,0.99,0.02,151.62
14047,9,190,32152,6.0,1.0,8.0,0.82,0.8,0.77,0.47,40.81,84.78
14049,5,136,62326,3.0,3.0,5.0,0.1,0.03,0.65,0.9,57.71,142.0
14050,10,79333,98157510,5.0,4.0,8.0,0.01,0.0,0.0,0.0,116.09,121.9
14051,9,64,10482,5.0,5.0,7.0,0.62,0.85,0.38,0.3,34.98,165.78
14052,7,88,6264,3.0,4.0,6.0,0.85,0.87,0.72,0.7,117.21,96.0
14054,5,53,3740,3.0,3.0,4.0,0.77,0.81,0.68,0.64,163.1,141.0
14055,7,36,9617,6.0,5.0,7.0,0.97,0.99,0.11,0.03,11.4,117.0
14056,9,353,85205,5.0,4.0,8.0,0.46,0.36,0.51,0.5,51.2,108.22
14057,5,35,2320,3.0,3.0,5.0,1.0,1.0,0.09,0.08,61.29,148.2
14059,8,90,52878,4.0,4.0,6.0,0.14,0.02,0.97,1.0,25.22,110.25
14060,7,89,15409,5.0,4.0,7.0,0.31,0.16,0.22,0.14,7.67,150.86
14061,6,214,215824,5.0,4.0,6.0,0.21,0.05,0.05,0.01,20.83,164.5
14062,6,47,12192,6.0,5.0,6.0,0.34,0.25,0.53,0.65,16.77,122.0
14063,2,3,215,2.0,2.0,2.0,1.0,1.0,0.33,0.19,0.06,170.0
14064,9,289,80404,6.0,6.0,9.0,0.21,0.13,0.81,0.88,59.88,148.22
14065,5,42,15646,5.0,4.0,5.0,1.0,1.0,0.33,0.07,21.01,141.4
14066,7,51,13064,3.0,4.0,4.0,0.51,0.32,0.47,0.57,10.67,147.0
14067,8,103,37507,4.0,4.0,6.0,1.0,1.0,0.47,0.18,38.41,95.0
14068,6,52,7679,5.0,5.0,6.0,1.0,1.0,0.54,0.77,55.27,159.0
14069,7,781,592300,4.0,4.0,5.0,1.0,1.0,0.49,0.04,0.16,86.0
14070,7,52,5044,5.0,5.0,7.0,0.54,0.68,0.63,0.75,86.32,115.43
14071,6,34,2021,4.0,5.0,5.0,0.35,0.27,0.32,0.32,46.04,191.33
14072,6,29,17290,4.0,4.0,4.0,0.17,0.01,0.41,0.65,0.0,158.17
14073,9,225,133235,6.0,7.0,8.0,0.25,0.04,0.2,0.03,47.27,125.0
14075,6,386,33394,5.0,6.0,6.0,0.06,0.05,0.95,0.97,51.6,127.5
14076,5,145,65093,4.0,4.0,5.0,0.15,0.03,0.87,0.98,112.7,101.8
14078,6,13,552,4.0,4.0,4.0,1.0,1.0,0.15,0.19,14.56,217.33
14079,11,114,17137,8.0,7.0,9.0,1.0,1.0,0.46,0.31,28.85,201.45
14080,10,234,31326,5.0,6.0,7.0,1.0,1.0,0.57,0.57,40.79,154.1
14081,9,53,3765,5.0,6.0,7.0,0.4,0.44,0.57,0.58,40.32,126.78
14082,11,429,265946,6.0,6.0,7.0,0.02,0.0,0.35,0.2,77.23,181.73
14083,8,786,952267,4.0,4.0,4.0,0.02,0.0,0.0,0.0,4.89,186.5
14084,9,66,14838,7.0,6.0,7.0,1.0,1.0,0.15,0.08,16.51,188.22
14085,11,832,242727,7.0,6.0,9.0,0.78,0.83,0.53,0.23,81.33,130.91
14086,8,4569,4038729,6.0,6.0,6.0,1.0,1.0,0.4,0.03,1.84,153.25
14087,13,401,226562,4.0,5.0,10.0,0.48,0.15,0.86,0.95,25.68,108.92
14088,9,58,9995,7.0,7.0,9.0,0.79,0.91,0.14,0.05,38.92,144.56
14089,8,67,43376,7.0,7.0,8.0,0.19,0.01,0.64,0.9,1.66,178.12
14090,8,114,46716,5.0,6.0,7.0,0.68,0.16,0.78,0.96,37.31,129.88
14091,12,401,388590,5.0,7.0,8.0,0.09,0.01,0.13,0.02,63.01,144.92
14092,9,732,353858,4.0,5.0,7.0,0.49,0.13,0.47,0.13,46.24,176.44
14093,7,71,13537,5.0,6.0,6.0,1.0,1.0,0.41,0.33,8.97,194.57
14094,10,100,35329,6.0,7.0,8.0,1.0,1.0,0.38,0.15,33.24,155.8
14098,7,63,11835,4.0,3.0,4.0,1.0,1.0,0.78,0.52,9.02,116.71
14101,5,30,1894,4.0,4.0,4.0,0.33,0.21,0.67,0.79,62.11,211.6
14104,5,39,3612,5.0,5.0,5.0,0.97,0.93,0.41,0.47,8.49,174.2
14109,4,20,1293,3.0,4.0,3.0,0.15,0.1,0.85,0.9,70.09,200.0
14111,9,44,2740,6.0,7.0,8.0,0.55,0.45,0.55,0.65,34.5,171.89
14112,6,11,532,6.0,6.0,6.0,1.0,1.0,0.18,0.24,2.11,217.67
14115,3,34,2306,2.0,2.0,2.0,0.03,0.02,0.97,0.98,186.77,121.33
14116,4,25,7684,4.0,4.0,4.0,0.92,0.98,0.04,0.01,15.28,197.0
14120,4,18,4097,4.0,4.0,4.0,1.0,1.0,0.44,0.43,0.03,148.5
14123,4,15,1142,4.0,4.0,4.0,0.13,0.07,0.13,0.16,68.88,115.0
14124,3,22,1584,3.0,3.0,3.0,0.09,0.05,0.91,0.95,94.93,184.67
14126,3,16,863,3.0,3.0,3.0,1.0,1.0,0.31,0.34,4.43,186.67
14127,2,17,4084,2.0,2.0,2.0,1.0,1.0,0.47,0.44,0.57,57.5
14128,3,10,508,3.0,3.0,3.0,1.0,1.0,0.3,0.35,2.87,119.67
14131,2,4,212,2.0,2.0,2.0,1.0,1.0,0.5,0.6,0.0,154.0
14134,4,21,3062,4.0,4.0,4.0,1.0,1.0,0.71,0.92,3.43,150.25
14135,7,41,5301,5.0,6.0,6.0,1.0,1.0,0.54,0.64,0.09,88.43
14136,1,1,76,1.0,1.0,1.0,0.0,0.0,1.0,1.0,0.0,60.0
14138,5,42,8987,5.0,4.0,5.0,1.0,1.0,0.6,0.35,2.66,174.6
14139,4,7,364,4.0,4.0,4.0,1.0,1.0,0.29,0.29,0.25,151.25
14140,2,13,1987,2.0,2.0,2.0,1.0,1.0,0.92,0.98,0.05,153.0
14141,1,10,589,1.0,1.0,1.0,1.0,1.0,0.4,0.47,0.25,92.0
14143,8,75,14296,7.0,6.0,7.0,0.99,0.99,0.52,0.39,5.5,107.12
14169,6,63,20483,6.0,6.0,6.0,0.98,1.0,0.65,0.64,0.93,122.17
14170,3,55,22607,2.0,2.0,2.0,0.22,0.4,0.33,0.27,48.3,69.33
14174,6,55,23361,3.0,4.0,5.0,1.0,1.0,0.22,0.12,15.56,154.17
14292,2,32,9016,2.0,2.0,2.0,1.0,1.0,0.41,0.18,0.04,155.5
14294,6,406,143871,4.0,3.0,6.0,0.01,0.0,0.85,0.92,29.79,57.67
14307,5,313,167244,5.0,4.0,5.0,1.0,1.0,0.42,0.16,3.75,134.2
14308,5,32,7658,5.0,3.0,5.0,1.0,1.0,0.38,0.22,0.27,97.6
14309,5,27,5769,5.0,3.0,5.0,0.44,0.35,0.33,0.33,19.72,99.6
14310,2,24,8927,2.0,2.0,2.0,1.0,1.0,0.5,0.16,1.13,155.5
14317,2,35,4312,2.0,2.0,2.0,1.0,1.0,0.97,0.99,120.53,154.0
14330,8,81,16978,8.0,3.0,8.0,1.0,1.0,0.52,0.22,16.34,90.88
14331,2,6,387,2.0,2.0,2.0,1.0,1.0,0.17,0.1,5.27,103.5
14334,3,105,92490,2.0,2.0,3.0,0.11,0.01,0.97,1.0,0.93,59.33
14339,6,26,4815,3.0,3.0,3.0,1.0,1.0,0.69,0.37,0.16,95.5
14340,9,19,3636,6.0,7.0,7.0,0.95,0.99,0.26,0.26,1.47,141.67
14343,2,8,474,2.0,2.0,2.0,1.0,1.0,0.5,0.57,0.54,155.5
14346,2,80,3834,2.0,2.0,2.0,1.0,1.0,0.08,0.16,32.43,156.5
14434,6,35,7929,5.0,5.0,5.0,0.89,0.8,0.43,0.72,0.19,123.67
14435,9,129,44001,6.0,3.0,8.0,1.0,1.0,0.54,0.51,2.37,101.22
14437,2,3,196,2.0,2.0,2.0,0.33,0.22,0.33,0.39,0.0,154.0
14440,4,5,322,4.0,4.0,4.0,0.2,0.14,0.2,0.24,0.0,150.0
14443,2,18,2625,2.0,2.0,2.0,0.89,0.94,0.56,0.59,0.08,60.0
14445,3,4,1532,3.0,3.0,3.0,0.5,0.06,0.25,0.69,0.0,186.33
14446,5,83,41100,5.0,2.0,5.0,0.51,0.8,0.2,0.11,11.37,104.4
14447,9,155,40612,6.0,3.0,9.0,1.0,1.0,0.57,0.31,15.86,84.44
14449,4,21,9997,3.0,2.0,4.0,0.57,0.68,0.48,0.32,0.02,156.0
14450,5,65,26390,5.0,3.0,5.0,0.98,1.0,0.28,0.09,3.21,101.2
14451,4,730,135987,4.0,2.0,4.0,1.0,1.0,0.79,0.49,35.5,109.0
14452,4,17,2103,3.0,3.0,3.0,1.0,1.0,0.82,0.94,3.8,202.0
14455,7,53,20289,6.0,5.0,6.0,0.96,0.99,0.72,0.62,0.49,82.14
14456,9,54,21586,8.0,8.0,8.0,0.98,1.0,0.57,0.3,0.73,128.0
14457,10,88,26897,7.0,5.0,9.0,0.91,0.94,0.68,0.45,8.03,78.0
14458,5,58,11264,4.0,1.0,4.0,1.0,1.0,0.6,0.4,3.79,60.6
14462,7,62,16378,4.0,4.0,5.0,0.77,0.43,0.6,0.47,13.28,119.0
14463,2,2,96,2.0,2.0,2.0,1.0,1.0,0.5,0.54,0.0,154.0
14464,9,278,147647,5.0,2.0,8.0,1.0,1.0,0.48,0.29,7.82,93.0
14465,26,520,164860,15.0,6.0,23.0,0.88,0.82,0.52,0.37,12.8,88.23
14466,4,83,28204,4.0,1.0,4.0,1.0,1.0,0.52,0.4,15.96,60.0
14467,11,102,34726,7.0,5.0,10.0,0.99,1.0,0.58,0.45,5.3,95.82
14472,5,9948,13927752,3.0,2.0,3.0,1.0,1.0,0.07,0.0,6.28,99.4
14588,5,6,1280,5.0,5.0,5.0,1.0,1.0,0.17,0.03,0.01,183.6
14735,8,191,29994,5.0,4.0,7.0,1.0,1.0,0.26,0.54,48.22,142.88
14736,19,1553,361642,7.0,5.0,10.0,0.89,0.66,0.4,0.22,185.82,133.79
14737,19,602,100084,9.0,4.0,13.0,1.0,1.0,0.48,0.31,167.35,137.79
14738,18,795,206521,6.0,4.0,13.0,0.81,0.79,0.21,0.24,105.12,113.39
14739,6,9,374,6.0,5.0,6.0,1.0,1.0,0.44,0.43,15.01,207.83
14863,5,38,4783,3.0,5.0,5.0,1.0,1.0,0.82,0.94,8.96,174.6
14870,8,18,960,3.0,5.0,5.0,1.0,1.0,0.44,0.57,1.69,201.88
14875,7,47,7087,3.0,5.0,5.0,1.0,1.0,0.87,0.96,0.32,224.0
14877,9,98,26540,6.0,6.0,8.0,0.54,0.33,0.35,0.15,9.49,154.11
14881,9,44,15727,6.0,7.0,7.0,0.95,0.99,0.02,0.0,3.33,186.33
14882,9,686,515947,7.0,8.0,8.0,1.0,1.0,0.49,0.07,37.51,143.67
14883,8,8,444,5.0,5.0,7.0,0.62,0.49,0.25,0.34,0.0,154.25
14886,7,24,5819,3.0,4.0,6.0,1.0,1.0,0.58,0.32,0.11,169.71
14890,9,122,33859,3.0,4.0,7.0,1.0,1.0,0.51,0.29,4.12,165.44
14891,17,999,574537,5.0,4.0,10.0,1.0,1.0,0.63,0.65,4.0,116.06
14892,8,364,361338,5.0,6.0,6.0,1.0,1.0,0.31,0.03,3.99,203.12
14893,9,66,32394,7.0,8.0,8.0,0.76,0.76,0.44,0.26,2.51,164.78
14895,9,50,15937,5.0,7.0,7.0,0.96,0.99,0.46,0.21,3.7,163.89
14896,13,8977,8469970,6.0,6.0,9.0,0.01,0.0,0.22,0.02,14.15,166.54
14897,7,399,187285,5.0,3.0,6.0,0.85,0.91,0.49,0.41,61.22,87.43
14901,4,157,136897,2.0,3.0,3.0,1.0,1.0,0.98,1.0,22.52,204.0
14903,7,66,14810,4.0,5.0,5.0,1.0,1.0,0.92,0.99,2.79,197.29
14904,7,59,5720,5.0,6.0,6.0,1.0,1.0,0.51,0.54,0.83,224.0
14905,5,5,252,3.0,5.0,4.0,0.8,0.7,0.2,0.3,0.0,212.8
14911,5,21,2852,4.0,5.0,5.0,1.0,1.0,0.81,0.94,0.03,213.6
14913,6,67,10268,2.0,5.0,4.0,1.0,1.0,0.54,0.39,0.15,188.0
14914,8,101,47722,7.0,6.0,8.0,0.99,1.0,0.56,0.43,12.79,104.75
14916,4,19,3317,3.0,3.0,3.0,1.0,1.0,0.84,0.96,0.09,202.5
14923,6,17,1978,4.0,5.0,5.0,0.94,0.96,0.47,0.41,5.12,187.67
14925,5,16,2552,4.0,5.0,5.0,0.25,0.07,0.38,0.71,24.02,211.2
14926,16,335,210418,8.0,5.0,13.0,1.0,1.0,0.46,0.1,17.14,143.0
14927,9,219,192387,4.0,4.0,6.0,1.0,1.0,0.35,0.03,0.08,145.67
14928,8,43,15888,6.0,6.0,7.0,0.98,1.0,0.3,0.1,1.83,201.0
14931,6,70,27581,4.0,4.0,5.0,1.0,1.0,0.5,0.23,10.32,118.83
14932,10,66,15228,6.0,5.0,8.0,0.71,0.23,0.48,0.85,3.2,157.9
14933,7,13838,1147444,3.0,3.0,5.0,0.01,0.01,1.0,1.0,72.69,168.57
14934,9,69,4686,4.0,7.0,6.0,1.0,1.0,0.48,0.42,17.33,208.78
14937,7,21,3390,6.0,7.0,7.0,1.0,1.0,0.71,0.92,0.06,164.43
14938,6,22,2210,5.0,6.0,6.0,0.95,0.96,0.64,0.83,2.4,218.17
14939,9,28,1615,5.0,7.0,7.0,1.0,1.0,0.64,0.7,9.83,186.0
14941,5,22,3852,3.0,3.0,4.0,1.0,1.0,0.82,0.96,0.47,213.2
14943,15,1406,129033,8.0,8.0,11.0,0.2,0.18,0.98,0.96,4.06,186.13
14944,8,2371,2373144,7.0,6.0,7.0,1.0,1.0,0.33,0.02,1.98,131.12
14946,16,165,63795,9.0,6.0,12.0,1.0,1.0,0.41,0.36,7.25,154.44
14947,8,53,24457,6.0,7.0,7.0,1.0,1.0,0.51,0.67,2.89,176.62
14949,11,221,109654,3.0,8.0,8.0,0.53,0.27,0.8,0.93,5.65,147.27
14950,6,18,7402,5.0,6.0,5.0,0.94,0.99,0.06,0.01,0.06,215.5
14956,10,69,8623,6.0,8.0,7.0,1.0,1.0,0.71,0.43,27.56,192.5
14957,6,308,212411,2.0,4.0,4.0,0.08,0.01,0.99,1.0,90.01,188.0
14958,8,61,20636,4.0,5.0,6.0,0.51,0.9,0.62,0.93,36.45,183.88
14959,12,93,11473,6.0,8.0,10.0,1.0,1.0,0.6,0.62,0.14,189.08
14960,4,13,770,3.0,3.0,3.0,1.0,1.0,0.15,0.1,9.98,153.0
14966,13,48,36380,5.0,8.0,8.0,1.0,1.0,0.71,0.98,0.5,190.31
14968,6,13,624,2.0,4.0,4.0,0.92,0.88,0.69,0.73,0.01,188.0
14970,9,20,5738,2.0,5.0,4.0,0.4,0.06,0.6,0.94,0.02,230.67
14973,6,94,14711,4.0,5.0,5.0,1.0,1.0,0.17,0.12,0.61,193.0
15000,4,60,16362,4.0,3.0,4.0,1.0,1.0,0.63,0.52,15.42,151.25
15007,5,19,5785,4.0,5.0,4.0,0.21,0.03,0.79,0.97,0.04,170.6
15009,4,9,508,3.0,4.0,4.0,1.0,1.0,0.67,0.76,1.42,203.0
15012,7,13,656,5.0,5.0,5.0,1.0,1.0,0.31,0.32,0.0,205.29
15015,7,7,308,3.0,4.0,5.0,0.86,0.82,0.14,0.18,0.0,224.43
15017,6,22,2135,2.0,5.0,5.0,1.0,1.0,0.64,0.84,3.86,220.0
15020,2,11,644,2.0,2.0,2.0,1.0,1.0,0.27,0.3,0.73,156.0
15023,10,10,416,4.0,6.0,6.0,1.0,1.0,0.1,0.1,0.0,232.3
15025,8,117,26183,3.0,4.0,8.0,1.0,1.0,0.71,0.46,1.92,135.75
15026,9,57,13266,7.0,4.0,8.0,1.0,1.0,0.61,0.33,2.59,147.11
15034,7,16,932,3.0,5.0,4.0,1.0,1.0,0.62,0.72,0.84,223.43
15159,15,4744,324820,7.0,4.0,13.0,1.0,1.0,0.98,0.83,15.74,84.2
15160,6,157,66182,5.0,3.0,6.0,0.99,1.0,0.12,0.03,17.15,89.0
15161,4,10,901,3.0,2.0,3.0,1.0,1.0,0.6,0.75,23.63,119.5
15162,7,37,23130,5.0,3.0,5.0,0.97,0.94,0.03,0.06,0.36,106.71
15163,6,100,34227,6.0,3.0,6.0,1.0,1.0,0.25,0.14,21.8,98.83
15164,13,144,44716,12.0,5.0,13.0,0.96,0.99,0.26,0.1,13.64,106.0
15165,10,94,23652,4.0,5.0,8.0,0.96,0.99,0.9,0.98,3.92,116.5
15166,6,53,5078,6.0,4.0,6.0,1.0,1.0,0.51,0.52,0.28,130.5
15167,6,362,312907,5.0,2.0,6.0,1.0,1.0,0.92,0.96,23.83,56.5
15168,10,193,72722,8.0,2.0,10.0,1.0,1.0,0.34,0.21,12.57,96.4
15169,5,38,11844,5.0,3.0,5.0,0.97,0.99,0.37,0.19,12.12,145.6
15170,4,46,27197,4.0,3.0,4.0,1.0,1.0,0.96,1.0,0.09,156.5
15171,7,17,3562,7.0,6.0,7.0,1.0,1.0,0.65,0.93,0.05,174.57
15176,6,47,14164,5.0,4.0,6.0,1.0,1.0,0.4,0.24,0.48,98.0
15308,1,1,56,1.0,1.0,1.0,0.0,0.0,1.0,1.0,0.0,60.0
15309,1,35,6961,1.0,1.0,1.0,0.0,0.0,1.0,1.0,62.41,60.0
15310,3,53,11615,3.0,3.0,3.0,0.74,0.56,0.26,0.44,37.01,122.33
15311,5,524,342006,2.0,2.0,5.0,0.16,0.05,0.42,0.35,19.91,103.2
15315,1,7,857,1.0,1.0,1.0,1.0,1.0,1.0,1.0,0.4,60.0
15320,13,367,257712,5.0,4.0,6.0,0.07,0.02,0.25,0.09,15.28,104.92
15321,8,89,22649,4.0,5.0,5.0,0.21,0.12,0.73,0.76,4.43,133.62
15323,9,253,190410,4.0,3.0,7.0,0.29,0.11,0.23,0.07,4.01,61.67
15324,6,43,11600,4.0,3.0,5.0,0.49,0.37,0.51,0.37,6.12,100.17
15325,4,45,8372,4.0,4.0,4.0,0.98,0.99,0.96,0.98,0.84,52.0
15382,12,243,46713,4.0,3.0,8.0,1.0,1.0,0.74,0.47,5.67,93.58
15383,4,19,1036,4.0,2.0,4.0,1.0,1.0,0.42,0.42,0.27,106.5
15384,7,30,4834,5.0,4.0,6.0,0.87,0.94,0.07,0.03,11.21,110.43
15385,11,221,80835,7.0,3.0,9.0,0.67,0.61,0.51,0.3,3.05,84.45
15386,11,553,281583,6.0,3.0,9.0,1.0,1.0,0.45,0.85,18.31,79.36
15387,8,109,18412,6.0,6.0,7.0,0.33,0.17,0.58,0.49,39.61,151.75
15388,9,94,20920,6.0,7.0,9.0,0.83,0.76,0.51,0.6,12.31,127.44
15389,26,974,718235,9.0,5.0,23.0,0.97,1.0,0.21,0.08,20.94,71.38
15391,3,62,22925,2.0,2.0,3.0,1.0,1.0,0.84,0.78,2.29,60.0
15392,7,202,77167,6.0,3.0,7.0,1.0,1.0,0.5,0.61,20.65,113.43
15393,35,22040,23034596,16.0,4.0,24.0,0.97,0.99,0.3,0.03,16.93,76.66
15394,31,961,178500,13.0,5.0,28.0,1.0,1.0,0.86,0.46,17.86,71.65
15395,15,405,185389,8.0,4.0,12.0,0.65,0.45,0.36,0.21,14.26,65.87
15396,19,785,553987,9.0,3.0,16.0,0.89,0.94,0.39,0.08,7.65,112.95
15397,21,1601,1055586,13.0,5.0,19.0,0.83,0.86,0.55,0.22,23.53,97.29
15398,16,4616,2175247,8.0,4.0,15.0,1.0,1.0,0.7,0.27,40.5,70.75
15399,17,33575,34248196,10.0,5.0,14.0,1.0,1.0,0.33,0.02,40.76,104.18
15400,29,3923,2557578,9.0,2.0,21.0,0.88,0.9,0.59,0.15,16.96,65.76
15401,51,3593,2804571,18.0,6.0,45.0,0.83,0.86,0.66,0.64,18.92,93.39
15402,6,158,49770,6.0,2.0,6.0,0.99,0.98,0.75,0.87,18.62,57.17
15403,8,507,365952,6.0,5.0,6.0,1.0,1.0,0.59,0.86,9.11,128.5
15404,7,38,3254,5.0,6.0,5.0,1.0,1.0,0.53,0.52,3.09,192.57
15405,5,63,13826,4.0,4.0,5.0,0.98,1.0,0.32,0.3,7.57,171.4
15408,3,3,140,3.0,3.0,3.0,0.67,0.6,0.67,0.69,0.0,122.67
15409,4,4,1368,4.0,4.0,4.0,0.5,0.06,0.5,0.94,0.0,152.5
15410,4,35,4900,4.0,3.0,4.0,1.0,1.0,0.94,0.98,7.79,120.25
15411,8,10,530,4.0,7.0,5.0,1.0,1.0,0.4,0.51,0.0,203.38
15414,4,23,3712,3.0,3.0,3.0,1.0,1.0,0.87,0.96,0.26,150.25
15416,5,55,15361,4.0,4.0,5.0,1.0,1.0,0.36,0.13,0.17,172.6
15422,16,11303,15462844,3.0,3.0,4.0,1.0,1.0,0.04,0.0,4.77,78.69
15432,2,68,4610,2.0,2.0,2.0,1.0,1.0,0.99,0.99,0.26,156.5
15435,2,2,116,2.0,2.0,2.0,0.5,0.34,0.5,0.66,0.0,157.0
15437,4,58,12696,1.0,2.0,3.0,1.0,1.0,0.64,0.35,18.16,58.5
15443,4,37,10452,2.0,3.0,3.0,1.0,1.0,0.24,0.05,3.18,104.5
15444,7,1203,914738,5.0,3.0,7.0,0.09,0.05,0.29,0.05,18.66,57.57
15445,2,51,34740,2.0,2.0,2.0,0.98,1.0,1.0,1.0,2.21,60.0
15446,4,60,19476,4.0,4.0,4.0,1.0,1.0,0.6,0.16,19.64,154.75
15448,2,41,12425,2.0,2.0,2.0,1.0,1.0,0.98,1.0,0.21,51.5
15450,1,1,76,1.0,1.0,1.0,0.0,0.0,1.0,1.0,0.0,60.0
15452,3,27,4541,3.0,2.0,3.0,1.0,1.0,0.59,0.74,0.32,130.33
15453,13,94,27031,9.0,5.0,12.0,0.68,0.61,0.52,0.43,7.1,90.31
15454,4,78,31608,4.0,3.0,4.0,1.0,1.0,0.69,0.69,23.63,106.5
15455,3,10,5006,3.0,3.0,3.0,0.2,0.02,0.8,0.98,19.95,185.0
15458,9,142,61596,4.0,1.0,5.0,0.51,0.56,0.63,0.41,5.85,60.44
15459,6,383,222450,4.0,1.0,5.0,1.0,1.0,0.44,0.65,17.82,65.5
15461,10,489,479628,9.0,6.0,10.0,0.26,0.15,0.73,0.85,3.72,92.6
15462,14,245,87884,6.0,4.0,10.0,0.68,0.37,0.81,0.62,23.14,89.86
15464,12,470,231364,5.0,1.0,7.0,1.0,1.0,0.78,0.64,19.09,60.0
15465,13,697,331213,8.0,4.0,12.0,1.0,1.0,0.54,0.62,13.68,73.46
15466,9,249,59723,6.0,2.0,8.0,0.9,0.91,0.74,0.67,10.77,105.33
15467,10,601,590341,4.0,1.0,8.0,0.99,0.99,0.07,0.02,16.65,95.0
15468,8,130,34589,6.0,3.0,7.0,1.0,1.0,0.52,0.23,11.4,127.25
15469,11,144,66407,7.0,5.0,9.0,0.97,1.0,0.61,0.2,12.74,110.09
15472,12,177,76707,5.0,3.0,9.0,0.99,1.0,0.53,0.19,8.79,88.58
15473,18,432,146257,8.0,5.0,15.0,1.0,1.0,0.29,0.11,18.54,98.72
15474,9,472,237159,4.0,2.0,6.0,0.83,0.88,0.92,0.92,21.71,105.56
15475,31,1502,468589,9.0,4.0,23.0,0.83,0.93,0.58,0.47,31.42,80.13
15476,23,1871,1174998,14.0,5.0,23.0,0.25,0.1,0.4,0.07,12.64,86.22
15477,12,128,47513,7.0,5.0,11.0,0.91,0.92,0.19,0.05,6.97,95.5
15478,13,278,67446,7.0,5.0,8.0,0.74,0.83,0.39,0.32,11.87,82.92
15479,15,203,54668,6.0,3.0,12.0,0.93,0.98,0.4,0.23,9.73,137.0
15480,12,278,53246,7.0,5.0,9.0,1.0,1.0,0.51,0.44,12.82,143.0
15481,11,233,59338,5.0,1.0,8.0,0.99,0.98,0.58,0.46,9.22,94.18
15482,7,74,15456,5.0,2.0,7.0,0.99,1.0,0.5,0.39,4.91,113.71
15483,5,30672,45731896,4.0,3.0,5.0,1.0,1.0,0.0,0.0,33.02,97.0
15486,1,41,5476,1.0,1.0,1.0,1.0,1.0,0.59,0.55,0.91,60.0
15488,5,77,55178,5.0,4.0,5.0,1.0,1.0,0.32,0.04,1.2,173.4
15489,6,73,26064,6.0,5.0,6.0,1.0,1.0,0.38,0.28,0.37,185.33
15490,2,13,2468,2.0,2.0,2.0,0.92,0.98,0.92,0.98,0.08,151.5
15491,3,26,2280,3.0,3.0,3.0,1.0,1.0,0.92,0.96,0.19,186.0
15492,12,229,118323,6.0,3.0,12.0,1.0,1.0,0.32,0.08,12.13,72.08
15493,7,71,20553,5.0,4.0,7.0,1.0,1.0,0.51,0.27,8.1,139.86
15494,23,2795,2633023,12.0,5.0,21.0,1.0,1.0,0.37,0.14,13.3,102.13
15495,16,292,121169,8.0,4.0,13.0,0.97,1.0,0.38,0.1,7.72,96.75
15496,27,1076,819171,11.0,4.0,23.0,0.97,0.98,0.32,0.1,20.23,65.7
15497,19,183,70853,7.0,5.0,14.0,0.92,0.81,0.46,0.38,8.89,114.21
15498,25,5298,1605316,11.0,4.0,22.0,0.92,0.86,0.77,0.22,25.79,74.72
15499,10,528,538840,4.0,3.0,8.0,1.0,1.0,0.16,0.01,19.38,105.0
15500,9,131,28659,5.0,2.0,8.0,1.0,1.0,0.86,0.78,14.64,82.11
15501,6,29,3205,6.0,5.0,6.0,0.97,0.98,0.31,0.16,0.89,88.5
15502,5,58,40096,4.0,5.0,5.0,0.98,1.0,0.43,0.4,5.33,135.0
15503,5,97,26834,4.0,2.0,4.0,1.0,1.0,0.6,0.36,6.25,99.4
15505,3,37,12040,3.0,3.0,3.0,1.0,1.0,0.59,0.62,1.77,117.67
15508,1,149,27621,1.0,1.0,1.0,1.0,1.0,0.51,0.28,25.88,60.0
15509,12,105,22496,9.0,8.0,11.0,0.8,0.75,0.54,0.49,10.66,137.83
15510,7,171,28613,6.0,4.0,6.0,0.94,0.9,0.43,0.4,18.88,114.43
15511,20,287,101912,9.0,4.0,15.0,0.98,1.0,0.51,0.45,13.08,88.2
15515,9,2528,2376917,6.0,4.0,9.0,1.0,1.0,0.35,0.03,2.34,105.44
15516,12,479,301777,4.0,1.0,7.0,1.0,1.0,0.44,0.09,10.0,59.0
15517,9,194,92902,7.0,3.0,9.0,0.9,0.95,0.49,0.13,2.28,57.11
15519,4,4,196,4.0,4.0,4.0,0.75,0.61,0.25,0.39,0.0,202.25
15520,5,31,11107,4.0,4.0,4.0,0.19,0.02,0.65,0.82,3.21,173.4
15521,4,16,1743,4.0,4.0,4.0,1.0,1.0,0.81,0.92,0.2,154.0
15524,6,34,5054,5.0,5.0,6.0,0.97,0.98,0.82,0.95,2.61,155.5
15525,6,56,14461,4.0,4.0,5.0,1.0,1.0,0.66,0.27,0.71,121.5
15526,3,16,3342,3.0,3.0,3.0,1.0,1.0,0.88,0.97,0.32,186.0
15527,3,50,28378,3.0,3.0,3.0,1.0,1.0,0.9,0.99,20.98,186.67
15529,5,25,7825,4.0,4.0,4.0,1.0,1.0,0.52,0.15,0.11,131.0
15532,2,39,6467,1.0,1.0,1.0,1.0,1.0,1.0,1.0,0.55,60.0
15534,4,30,3304,3.0,3.0,3.0,1.0,1.0,0.7,0.89,6.67,201.5
15535,4,24,2874,4.0,3.0,4.0,1.0,1.0,0.83,0.94,2.43,101.25
15536,20,6867,5736742,13.0,7.0,16.0,1.0,1.0,0.47,0.1,9.79,95.65
15537,5,3358,3718114,4.0,3.0,4.0,0.0,0.0,0.11,0.01,30.04,134.6
15565,33,126948,135251558,7.0,5.0,19.0,1.0,1.0,0.29,0.01,13.8,81.76
15566,4,158,84312,2.0,2.0,3.0,1.0,1.0,0.63,0.88,66.6,156.0
15567,4,20,1152,4.0,4.0,4.0,1.0,1.0,0.65,0.72,13.32,153.75
15568,2,7,400,2.0,2.0,2.0,1.0,1.0,0.43,0.6,6.7,156.0
15569,6,648,633559,3.0,2.0,4.0,1.0,1.0,0.26,0.1,57.38,185.33
15570,6,31,4253,5.0,5.0,6.0,0.94,0.96,0.74,0.9,2.42,123.67
15571,4,23,7294,3.0,3.0,4.0,1.0,1.0,0.39,0.13,3.5,200.5
15573,2,585,387020,2.0,1.0,2.0,1.0,1.0,0.44,0.25,149.42,60.0
15575,2,63,25012,1.0,1.0,2.0,1.0,1.0,0.63,0.73,60.42,60.0
15576,4,16,995,4.0,3.0,4.0,1.0,1.0,0.44,0.5,0.16,121.75
15577,8,125170,135690342,4.0,3.0,6.0,1.0,1.0,0.28,0.01,113.55,156.0
15578,5,33,18369,2.0,2.0,4.0,1.0,1.0,0.18,0.03,2.94,173.0
15579,2,13,2464,2.0,2.0,2.0,1.0,1.0,0.92,0.98,0.06,153.0
15580,10,43,11402,6.0,5.0,10.0,0.98,1.0,0.47,0.09,0.82,156.8
15582,4,42,5553,4.0,4.0,4.0,1.0,1.0,0.55,0.37,16.03,119.75
15585,4,81,32622,2.0,2.0,4.0,1.0,1.0,0.27,0.07,30.21,103.5
15589,3,17,1070,2.0,2.0,3.0,1.0,1.0,0.53,0.57,0.16,122.33
15590,2,30,2520,2.0,2.0,2.0,1.0,1.0,1.0,1.0,2.66,60.0
15591,5,83,51952,4.0,4.0,5.0,1.0,1.0,0.96,1.0,60.09,174.4
15593,4,95038,135500955,4.0,3.0,4.0,1.0,1.0,0.03,0.0,86.07,106.5
15595,6,178,91971,5.0,4.0,6.0,1.0,1.0,0.67,0.9,36.23,155.5
15596,3,95057,135582616,2.0,2.0,3.0,1.0,1.0,0.03,0.0,96.93,122.67
15598,2,37,37828,2.0,2.0,2.0,1.0,1.0,0.97,1.0,18.22,154.0
15601,4,76,23352,3.0,2.0,4.0,0.45,0.23,0.43,0.23,14.63,106.5
15602,7,303,78019,4.0,3.0,7.0,0.91,0.78,0.48,0.6,60.13,118.14
15603,5,2064,2459165,2.0,2.0,3.0,0.01,0.0,0.03,0.0,50.64,147.2
15721,33,2174,2502438,8.0,7.0,20.0,1.0,1.0,0.21,0.03,1.59,131.64
15722,13,249,125233,6.0,5.0,8.0,1.0,1.0,0.48,0.66,31.86,143.0
15723,10,87,20571,5.0,4.0,6.0,1.0,1.0,0.29,0.33,10.83,142.6
15724,12,42,5384,3.0,3.0,3.0,1.0,1.0,0.48,0.38,4.2,145.5
15725,11,60,10009,4.0,4.0,4.0,1.0,1.0,0.25,0.15,4.11,156.91
15726,5,90,33126,4.0,3.0,5.0,1.0,1.0,0.39,0.21,17.07,147.2
15727,12,1633,217526,5.0,4.0,8.0,1.0,1.0,0.03,0.03,50.03,127.42
15728,12,201,99293,5.0,5.0,8.0,1.0,1.0,0.47,0.74,10.06,165.67
15729,8,6442,758670,4.0,4.0,5.0,1.0,1.0,0.99,0.98,41.12,162.75
15730,15,166,117347,4.0,4.0,6.0,1.0,1.0,0.34,0.08,6.81,126.33
15731,7,51,8515,4.0,4.0,4.0,1.0,1.0,0.16,0.1,4.32,158.14
15732,5,33,7053,4.0,4.0,4.0,1.0,1.0,0.12,0.06,6.67,172.8
15733,5,63,64568,3.0,3.0,3.0,1.0,1.0,0.1,0.01,17.5,135.2
15734,12,190,45280,4.0,4.0,7.0,1.0,1.0,0.43,0.42,6.93,144.17
15735,7,91,39295,4.0,4.0,5.0,1.0,1.0,0.49,0.8,20.86,177.14
15736,7,76,48021,4.0,4.0,5.0,0.8,0.92,0.64,0.89,42.61,140.43
15737,11,223,141844,6.0,5.0,9.0,0.87,0.95,0.22,0.13,71.59,132.36
15738,9,336,315620,5.0,3.0,6.0,1.0,1.0,0.15,0.01,8.69,136.33
15739,11,169,83723,4.0,2.0,7.0,1.0,1.0,0.56,0.47,28.08,104.82
15740,13,116,35072,4.0,4.0,7.0,1.0,1.0,0.53,0.48,6.95,132.46
15741,10,67,6766,5.0,4.0,6.0,1.0,1.0,0.7,0.73,4.53,160.8
15742,10,78,28908,5.0,5.0,6.0,1.0,1.0,0.44,0.33,3.92,174.3
15743,16,175,94778,7.0,7.0,8.0,1.0,1.0,0.31,0.15,14.78,167.38
15744,6,21,2690,2.0,2.0,2.0,1.0,1.0,0.48,0.38,4.21,145.0
15745,12,200,76188,5.0,2.0,6.0,1.0,1.0,0.51,0.5,20.14,117.75
15746,8,186,40406,3.0,3.0,5.0,1.0,1.0,0.47,0.59,39.95,130.12
15747,8,21615,14944795,2.0,2.0,5.0,1.0,1.0,0.0,0.0,82.84,113.75
15748,16,115,24054,7.0,5.0,11.0,0.99,1.0,0.57,0.47,41.44,134.38
15749,11,60,8264,4.0,4.0,6.0,1.0,1.0,0.37,0.22,53.97,156.64
15750,12,161,66374,5.0,5.0,7.0,0.99,1.0,0.38,0.26,8.94,144.25
15751,7,8004,1041571,3.0,2.0,6.0,1.0,1.0,0.99,0.98,83.61,123.71
15752,6,22,8079,4.0,4.0,4.0,1.0,1.0,0.18,0.05,1.71,173.83
15753,10,1613,229976,3.0,2.0,6.0,1.0,1.0,0.04,0.06,33.87,123.2
15754,9,133,17922,3.0,3.0,5.0,1.0,1.0,0.43,0.68,65.81,136.78
15755,9,50,36239,5.0,7.0,6.0,1.0,1.0,0.72,0.96,3.17,148.11
15756,15,399,146437,4.0,3.0,8.0,1.0,1.0,0.48,0.24,50.81,122.0
15757,9,66,29310,6.0,5.0,6.0,0.98,1.0,0.3,0.12,3.39,157.56
15758,11,182,111959,3.0,3.0,7.0,1.0,1.0,0.3,0.19,11.3,128.91
15759,6,18,1472,4.0,4.0,4.0,1.0,1.0,0.22,0.28,6.04,152.5
15760,10,132,90317,3.0,5.0,7.0,0.99,1.0,0.35,0.15,3.16,141.1
15761,12,13601,1510726,6.0,6.0,9.0,1.0,1.0,1.0,0.99,38.06,166.5
15762,9,64,17073,5.0,5.0,6.0,1.0,1.0,0.83,0.93,34.45,158.22
15763,11,64,17092,3.0,3.0,3.0,1.0,1.0,0.55,0.44,4.94,135.64
15764,12,142,85468,4.0,4.0,7.0,1.0,1.0,0.39,0.17,26.73,144.92
15765,14,213,56745,5.0,5.0,8.0,1.0,1.0,0.39,0.36,41.54,150.29
15766,2,22,6240,2.0,2.0,2.0,1.0,1.0,0.09,0.03,7.47,120.0
15767,8,17152,2074593,3.0,3.0,5.0,0.99,0.98,1.0,0.99,53.3,115.62
15768,10,79,16777,5.0,5.0,6.0,1.0,1.0,0.47,0.51,32.36,141.1
15769,17,3308,759199,3.0,4.0,12.0,0.15,0.32,0.25,0.29,59.69,122.35
15770,8,114,43448,4.0,4.0,6.0,1.0,1.0,0.5,0.47,75.87,154.25
15771,10,85,36882,5.0,5.0,7.0,0.99,1.0,0.46,0.28,3.2,140.3
15772,11,301,165269,5.0,4.0,8.0,0.29,0.2,0.1,0.05,22.2,126.18
15773,8,34,3860,3.0,3.0,4.0,1.0,1.0,0.5,0.57,5.84,155.0
15774,10,484,461299,4.0,3.0,7.0,1.0,1.0,0.22,0.04,8.94,147.7
15775,10,167,114010,6.0,4.0,8.0,1.0,1.0,0.42,0.14,11.43,149.0
15776,6,15,1722,4.0,4.0,4.0,1.0,1.0,0.4,0.36,2.54,152.67
15777,9,28,2970,3.0,3.0,5.0,1.0,1.0,0.43,0.37,4.26,129.11
15778,12,196,136164,6.0,4.0,9.0,1.0,1.0,0.26,0.06,8.51,132.92
15779,10,56,15545,8.0,7.0,8.0,1.0,1.0,0.38,0.35,3.53,186.0
15780,11,102,48562,4.0,4.0,6.0,1.0,1.0,0.64,0.8,34.42,146.27
15781,8,53,17573,5.0,5.0,6.0,0.98,1.0,0.6,0.63,1.98,145.62
15782,22,1673,1689287,8.0,4.0,16.0,1.0,1.0,0.28,0.02,31.18,117.0
15783,11,117,39166,2.0,2.0,4.0,1.0,1.0,0.45,0.33,28.33,116.55
15784,9,63,14380,4.0,4.0,5.0,1.0,1.0,0.17,0.07,5.02,149.56
15785,4,34,9860,1.0,1.0,2.0,1.0,1.0,0.79,0.9,3.92,123.0
15786,7,1068,126386,2.0,2.0,3.0,1.0,1.0,0.99,0.99,46.45,123.14
15787,7,110,60204,6.0,6.0,7.0,1.0,1.0,0.49,0.34,8.8,167.0
15921,6,45,44861,2.0,2.0,2.0,0.98,1.0,0.27,0.04,0.02,124.33
15922,118,5844,3952131,7.0,3.0,42.0,1.0,1.0,0.4,0.26,24.69,110.86
15923,31,1158,798232,4.0,4.0,15.0,0.98,1.0,0.48,0.52,64.29,110.16
15924,7,99,26473,5.0,6.0,6.0,0.99,1.0,0.44,0.19,39.61,80.29
16101,91,1503,834386,8.0,3.0,33.0,1.0,1.0,0.41,0.19,8.73,112.34
16324,1,1,121,1.0,1.0,1.0,0.0,0.0,1.0,1.0,0.0,59.0
16456,5,38,17738,2.0,2.0,4.0,0.95,0.99,0.03,0.0,2.57,103.6
16617,6,120,72822,4.0,3.0,6.0,0.5,0.66,0.47,0.21,0.61,96.17
16653,5,111,82111,4.0,3.0,5.0,0.89,0.84,0.86,0.93,10.64,94.8
16756,3,5,1433,3.0,3.0,3.0,1.0,1.0,0.4,0.22,0.04,163.0
16757,32,3918,4174531,6.0,2.0,21.0,1.0,1.0,0.26,0.02,24.09,115.81
17203,5,94,39395,3.0,1.0,5.0,1.0,1.0,0.32,0.19,3.13,107.4
17204,18,520,298918,10.0,2.0,14.0,0.71,0.84,0.8,0.86,16.14,80.11
17205,14,203,45082,7.0,3.0,10.0,1.0,1.0,0.45,0.38,84.08,121.86
17206,8,113,17823,5.0,5.0,7.0,1.0,1.0,0.64,0.81,4.34,106.0
17207,8,250,38057,4.0,2.0,6.0,1.0,1.0,0.24,0.25,43.27,151.62
17208,5,79,10127,3.0,3.0,4.0,0.75,0.33,0.53,0.42,113.61,101.4
17209,7,99,71910,5.0,3.0,5.0,0.41,0.14,0.1,0.02,8.67,195.86
17210,9,81,23449,7.0,3.0,8.0,1.0,1.0,0.85,0.93,11.66,80.67
17211,16,367,85323,7.0,2.0,9.0,1.0,1.0,0.53,0.55,17.44,114.69
17212,10,199,30780,5.0,3.0,7.0,1.0,1.0,0.57,0.53,5.24,94.9
17213,11,333,61537,3.0,1.0,7.0,1.0,1.0,0.5,0.62,30.79,109.36
17214,9,166,28247,5.0,3.0,8.0,0.99,1.0,0.51,0.35,41.28,106.56
17215,9,176,35657,3.0,2.0,7.0,1.0,1.0,0.54,0.42,17.83,121.44
17216,6,151,18010,3.0,4.0,3.0,0.99,0.99,0.85,0.89,144.5,111.33
17217,11,243,41555,6.0,2.0,9.0,1.0,1.0,0.48,0.41,31.7,126.82
17218,9,129,23774,6.0,4.0,8.0,0.99,1.0,0.19,0.13,3.11,156.33
17219,7,86,18885,4.0,4.0,6.0,0.98,0.99,0.33,0.25,41.43,155.86
17220,3,62,4598,3.0,2.0,3.0,1.0,1.0,0.66,0.81,182.35,77.33
17221,11,286,151569,7.0,5.0,10.0,1.0,1.0,0.14,0.04,27.74,155.73
17222,13,265,39989,5.0,4.0,11.0,1.0,1.0,0.56,0.57,3.95,110.23
17223,9,87,18441,7.0,3.0,9.0,0.99,0.99,0.75,0.58,66.06,127.78
17224,4,109,14588,2.0,2.0,4.0,0.98,1.0,0.45,0.58,5.95,97.5
17225,3,39,2129,3.0,3.0,3.0,1.0,1.0,0.54,0.53,72.34,119.33
17226,21,4648,4860101,8.0,2.0,19.0,1.0,1.0,0.28,0.02,15.33,93.33
17227,9,1555,231934,6.0,3.0,7.0,0.9,0.92,0.16,0.17,75.53,104.67
17228,16,374,161209,6.0,3.0,12.0,1.0,1.0,0.37,0.19,8.49,95.88
17229,10,293,42383,5.0,1.0,10.0,1.0,1.0,0.56,0.49,58.44,72.3
17230,5,5958,1034832,5.0,2.0,5.0,0.03,0.01,0.01,0.01,173.61,59.0
17231,7,135,37036,5.0,1.0,7.0,1.0,1.0,0.87,0.82,56.41,95.29
17232,3,53,11882,2.0,2.0,3.0,1.0,1.0,0.49,0.28,95.48,57.33
17233,7,42,14522,6.0,3.0,7.0,1.0,1.0,0.43,0.64,65.36,122.0
17234,28,722,324853,9.0,3.0,22.0,1.0,1.0,0.42,0.18,68.49,90.25
17235,23,628,103316,11.0,5.0,20.0,0.97,0.99,0.62,0.51,33.11,98.7
17236,28,696,142239,10.0,3.0,22.0,0.99,0.96,0.5,0.43,32.22,91.75
17237,22,308,74484,12.0,7.0,18.0,1.0,1.0,0.5,0.55,22.5,89.91
17238,19,5123,5190524,7.0,1.0,15.0,0.13,0.05,0.16,0.02,22.09,93.53
17239,11,472,166121,10.0,5.0,11.0,0.42,0.54,0.63,0.48,30.41,134.0
17240,9,94,21604,6.0,4.0,7.0,0.99,1.0,0.53,0.49,35.7,76.67
17241,9,188,43033,6.0,2.0,8.0,0.93,0.86,0.6,0.47,2.91,66.22
17242,11,221,67866,6.0,3.0,10.0,1.0,1.0,0.28,0.13,29.46,131.64
17243,4,97,13544,3.0,1.0,4.0,1.0,1.0,0.42,0.21,214.22,103.75
17244,9,350,82082,7.0,3.0,9.0,1.0,1.0,0.55,0.73,121.04,108.33
17245,15,327,63472,5.0,4.0,12.0,1.0,1.0,0.46,0.38,40.42,111.2
17246,11,312,89608,8.0,4.0,10.0,0.88,0.74,0.45,0.53,28.33,131.55
17247,28,1956,1594134,17.0,2.0,24.0,1.0,1.0,0.44,0.16,23.56,74.29
17248,18,425,165390,10.0,3.0,18.0,0.82,0.76,0.56,0.34,91.35,82.89
17249,23,1430,1508991,12.0,5.0,16.0,0.96,0.98,0.23,0.03,29.45,94.65
17250,29,6629,6737956,17.0,2.0,26.0,0.08,0.02,0.17,0.02,16.16,96.97
17251,20,337,130264,11.0,4.0,16.0,1.0,1.0,0.53,0.3,26.9,89.45
17252,15,304,106711,9.0,2.0,14.0,0.55,0.58,0.61,0.59,11.62,87.27
17253,30,417,83003,11.0,4.0,24.0,0.99,1.0,0.43,0.37,33.2,93.47
17254,18,350,58221,7.0,4.0,14.0,1.0,1.0,0.45,0.49,26.65,100.39
17255,71,1234,446813,29.0,6.0,60.0,1.0,1.0,0.55,0.38,17.29,93.72
17256,17,1049,696355,9.0,2.0,14.0,0.73,0.68,0.38,0.08,6.78,86.82
17257,13,275,152111,8.0,5.0,13.0,1.0,1.0,0.46,0.27,59.99,101.54
17258,5,64,13419,3.0,3.0,4.0,1.0,1.0,0.16,0.08,131.91,131.6
17259,22,302,196403,8.0,5.0,13.0,1.0,1.0,0.42,0.12,12.95,99.5
17260,7,158,49254,5.0,2.0,7.0,1.0,1.0,0.74,0.56,5.16,58.86
17261,12,538,72041,6.0,5.0,10.0,1.0,1.0,0.45,0.41,10.08,120.25
17262,13,165,26398,8.0,6.0,10.0,1.0,1.0,0.36,0.39,58.29,117.77
17263,35,3332,2134943,13.0,3.0,32.0,0.99,1.0,0.39,0.1,35.2,93.34
17264,34,657,222878,16.0,5.0,28.0,0.89,0.86,0.51,0.39,32.06,88.44
17265,10,292,44171,4.0,2.0,7.0,1.0,1.0,0.32,0.28,49.43,139.8
17284,26,2054,1324760,7.0,3.0,19.0,0.99,0.99,0.54,0.06,3.12,68.19
17315,7,71,30909,3.0,1.0,7.0,1.0,1.0,0.11,0.03,14.94,110.14
17356,4,3309,3324149,1.0,1.0,4.0,1.0,1.0,0.32,0.02,2.38,60.75
17357,13,3624,3404173,8.0,3.0,12.0,0.95,1.0,0.35,0.03,7.13,83.69
17358,11,396,181248,6.0,3.0,10.0,0.39,0.46,0.72,0.57,71.93,144.91
17359,9,342,201582,5.0,3.0,9.0,1.0,1.0,0.41,0.13,35.01,122.22
17360,16,264,60955,12.0,3.0,15.0,1.0,1.0,0.7,0.27,57.62,82.5
17371,2,13,995,2.0,2.0,2.0,0.92,0.85,0.46,0.41,0.03,91.0
17372,16,409,287051,9.0,3.0,14.0,0.9,0.96,0.21,0.08,19.68,124.31
17373,24,1682,217942,15.0,5.0,20.0,0.98,0.94,0.11,0.16,53.69,94.42
17374,21,1061,131018,11.0,4.0,17.0,0.62,0.57,0.34,0.51,77.37,89.0
17375,9,12219,4902413,6.0,2.0,8.0,0.03,0.01,0.99,0.99,99.31,101.0
17376,9,130,47882,8.0,3.0,9.0,1.0,1.0,0.58,0.45,10.23,88.89
17377,12,503,79560,7.0,2.0,9.0,1.0,1.0,0.13,0.1,62.43,82.58
17378,16,2448,312905,10.0,5.0,15.0,1.0,1.0,0.41,0.49,45.21,119.56
17379,8,133,47864,6.0,3.0,8.0,1.0,1.0,0.71,0.32,71.09,114.5
17380,8,126,45328,7.0,3.0,8.0,0.77,0.42,0.44,0.2,38.46,105.12
17381,1,14,2385,1.0,1.0,1.0,1.0,1.0,1.0,1.0,5.27,59.0
17382,3,259,23664,3.0,3.0,3.0,0.38,0.17,0.81,0.91,198.12,125.33
17383,3,47,17420,3.0,2.0,3.0,1.0,1.0,0.4,0.14,1.49,72.67
17384,9,734,61563,7.0,3.0,7.0,1.0,1.0,0.36,0.38,79.24,97.0
17385,6,40,11386,4.0,3.0,5.0,1.0,1.0,0.55,0.18,46.34,98.67
17386,9,299,216639,8.0,4.0,9.0,1.0,1.0,0.34,0.1,43.41,122.22
17387,10,16585,17696903,5.0,3.0,5.0,1.0,1.0,0.17,0.01,10.37,79.1
17388,13,339,159352,8.0,3.0,12.0,1.0,1.0,0.57,0.61,49.38,99.62
17389,6,65,18838,5.0,4.0,6.0,1.0,1.0,0.22,0.06,30.17,157.33
17391,8,125,37153,5.0,2.0,8.0,1.0,1.0,0.27,0.19,42.84,136.62
17392,7,129,26195,4.0,2.0,5.0,1.0,1.0,0.56,0.52,40.94,58.57
17393,11,91,23357,5.0,3.0,5.0,1.0,1.0,0.59,0.59,2.75,80.27
17394,13,202,49503,6.0,3.0,7.0,1.0,1.0,0.55,0.5,23.74,76.62
17395,5,65,9505,2.0,1.0,2.0,1.0,1.0,0.65,0.77,62.24,58.6
17396,5,101,15416,4.0,1.0,4.0,1.0,1.0,0.76,0.8,115.5,70.8
17397,8,82,13508,6.0,3.0,7.0,1.0,1.0,0.44,0.52,7.8,134.0
17398,9,80,11313,7.0,4.0,7.0,0.99,0.99,0.44,0.55,35.76,106.44
17399,12,238,32719,6.0,2.0,7.0,1.0,1.0,0.51,0.51,67.48,59.58
17400,7,139,92730,5.0,3.0,6.0,0.99,1.0,0.32,0.1,19.63,66.29
17401,10,78,9915,6.0,4.0,7.0,1.0,1.0,0.63,0.79,13.67,85.5
17402,7,147,27843,3.0,1.0,4.0,1.0,1.0,0.68,0.81,46.78,59.57
17403,6,77,17615,3.0,2.0,3.0,1.0,1.0,0.57,0.61,4.15,64.67
17404,10,86,37180,5.0,3.0,7.0,1.0,1.0,0.5,0.19,28.19,90.4
17405,3,54,6774,3.0,2.0,3.0,1.0,1.0,0.54,0.54,94.06,54.67
17406,6,123,17223,5.0,2.0,6.0,1.0,1.0,0.54,0.66,108.95,91.83
17407,3,36,5388,1.0,1.0,1.0,1.0,1.0,0.56,0.69,3.59,59.0
17408,6,74,23720,3.0,2.0,4.0,1.0,1.0,0.51,0.25,2.85,78.67
17409,7,74,20776,7.0,5.0,7.0,1.0,1.0,0.46,0.24,42.09,125.29
17410,8,151,51074,5.0,1.0,6.0,1.0,1.0,0.6,0.35,8.43,59.5
17411,10,1599,1119888,5.0,2.0,5.0,1.0,1.0,0.91,0.86,32.89,77.7
17412,9,77,16377,5.0,4.0,6.0,0.87,0.66,0.65,0.8,32.8,66.56
17413,10,82,16817,9.0,6.0,9.0,0.99,1.0,0.49,0.38,11.56,101.8
17414,10,127,55778,6.0,2.0,8.0,0.54,0.28,0.27,0.17,3.37,91.3
17415,13,136,22779,5.0,3.0,7.0,0.88,0.7,0.42,0.45,46.13,81.69
17416,3,37,6801,3.0,1.0,3.0,1.0,1.0,0.46,0.73,98.88,58.0
17417,7,202,143720,6.0,3.0,6.0,1.0,1.0,0.29,0.09,88.72,99.86
17418,7,158,68713,7.0,3.0,7.0,0.95,0.96,0.47,0.26,42.64,114.0
17419,12,314,215615,7.0,3.0,11.0,0.84,0.95,0.36,0.07,16.81,102.75
17420,16,293,57534,7.0,2.0,12.0,1.0,1.0,0.37,0.36,97.84,94.38
17421,11,274,103429,8.0,5.0,11.0,1.0,1.0,0.27,0.17,88.95,138.91
17501,8,201,144268,3.0,1.0,6.0,1.0,1.0,0.31,0.14,2.07,120.88
17502,4,203,142840,3.0,2.0,3.0,0.22,0.15,0.43,0.07,60.27,59.75
17503,12,475,133992,6.0,1.0,10.0,0.76,0.48,0.46,0.36,36.48,96.83
17504,8,87,25137,6.0,2.0,8.0,0.62,0.43,0.6,0.62,38.33,57.0
17506,4,79,29012,3.0,2.0,3.0,0.61,0.6,0.48,0.3,2.96,107.5
17507,8,282,52922,4.0,3.0,6.0,0.82,0.6,0.49,0.42,110.83,111.12
17508,3,59,3140,3.0,2.0,3.0,1.0,1.0,0.27,0.29,182.4,134.33
17510,3,58,13769,3.0,1.0,3.0,1.0,1.0,0.64,0.37,114.89,78.0
17511,4,33,2499,4.0,3.0,4.0,1.0,1.0,0.48,0.37,120.28,202.5
17512,3,36,13487,3.0,2.0,3.0,0.97,0.99,0.39,0.28,94.07,54.67
17513,3,75,39094,2.0,1.0,3.0,1.0,1.0,0.35,0.06,36.19,117.67
17515,3,57,4238,3.0,1.0,3.0,1.0,1.0,0.26,0.21,188.43,70.33
17516,6,96,7019,5.0,2.0,5.0,1.0,1.0,0.48,0.37,164.12,128.5
17517,4,79,23719,3.0,1.0,4.0,1.0,1.0,0.37,0.14,72.22,89.75
17518,2,120,61771,2.0,1.0,2.0,0.51,0.57,0.45,0.34,9.28,59.5
17519,7,374,44208,6.0,2.0,7.0,0.96,0.81,0.08,0.25,43.29,85.71
17520,6,442,33778,5.0,2.0,5.0,1.0,1.0,0.73,0.75,186.2,101.83
17521,4,31,3916,3.0,2.0,4.0,1.0,1.0,0.45,0.71,74.14,54.0
17522,6,15446,8834316,4.0,3.0,4.0,0.02,0.0,0.02,0.0,203.08,89.83
17523,4,13607,8240188,2.0,2.0,2.0,0.0,0.0,0.71,0.52,235.25,59.25
17524,3,40,8169,3.0,1.0,3.0,0.6,0.31,0.42,0.12,90.07,70.67
17525,6,223,33227,3.0,1.0,5.0,1.0,1.0,0.56,0.39,30.44,90.83
17526,6,608,235630,5.0,4.0,6.0,0.38,0.81,0.46,0.6,54.62,154.83
17527,13,271,89969,9.0,3.0,13.0,0.99,1.0,0.68,0.81,5.33,79.46
17528,5,75,27575,4.0,1.0,5.0,1.0,1.0,0.79,0.69,18.88,97.4
17529,10,2741,380196,6.0,2.0,8.0,1.0,1.0,0.4,0.33,31.3,89.8
17530,9,341,82468,6.0,4.0,8.0,0.35,0.27,0.29,0.46,84.76,55.33
17531,15,2784,2042759,7.0,4.0,11.0,0.11,0.03,0.22,0.05,112.03,76.27
17532,5,357,34774,4.0,4.0,4.0,0.75,0.7,0.86,0.82,78.44,97.8
17533,4,130,51595,2.0,1.0,4.0,1.0,1.0,0.46,0.17,140.77,74.25
17534,4,108,41150,3.0,2.0,3.0,1.0,1.0,0.57,0.73,19.99,60.25
17535,4,128,59611,3.0,1.0,4.0,1.0,1.0,0.59,0.14,76.57,59.25
17536,3,154,54478,1.0,1.0,3.0,1.0,1.0,0.91,0.89,30.74,78.0
17537,7,213,152444,5.0,2.0,7.0,0.93,0.96,0.15,0.04,50.54,72.86
17538,6,1630,1715987,3.0,3.0,6.0,1.0,1.0,0.53,0.36,50.47,91.5
17539,10,318,294004,8.0,6.0,10.0,1.0,1.0,0.86,0.88,49.1,115.3
17540,5,56,16132,3.0,2.0,5.0,0.57,0.35,0.43,0.43,12.48,141.4
17541,18,202,89093,5.0,2.0,14.0,1.0,1.0,0.38,0.19,24.0,93.0
17542,8,71,17240,6.0,4.0,8.0,0.83,0.65,0.72,0.69,39.83,130.75
17543,8,182,38097,5.0,2.0,7.0,0.93,0.88,0.32,0.26,76.74,67.25
17544,3,30,3929,3.0,3.0,3.0,1.0,1.0,0.93,0.98,90.24,187.33
17545,12,86,17787,8.0,5.0,11.0,0.99,0.92,0.47,0.29,52.42,91.08
17546,11,82,12445,10.0,7.0,10.0,0.99,1.0,0.62,0.72,55.01,92.27
17547,7,130,42413,4.0,2.0,7.0,1.0,1.0,0.58,0.45,79.52,63.0
17548,2,22,2413,2.0,2.0,2.0,1.0,1.0,0.64,0.36,135.09,155.0
17549,9,151,29592,6.0,3.0,8.0,1.0,1.0,0.85,0.67,66.13,86.44
17550,13,229,80833,6.0,4.0,11.0,0.91,0.84,0.48,0.41,54.3,86.69
17551,7,65,24553,5.0,3.0,6.0,0.8,0.69,0.58,0.51,20.56,95.14
17552,12,88,35850,7.0,6.0,10.0,0.56,0.65,0.17,0.14,6.94,114.58
17553,8,75,9806,7.0,5.0,8.0,1.0,1.0,0.61,0.68,99.01,129.5
17554,10,2376,215681,9.0,6.0,10.0,1.0,1.0,0.39,0.48,114.04,107.2
17555,12,211,53687,4.0,2.0,8.0,1.0,1.0,0.55,0.51,97.03,77.33
17556,16,10419,3531407,7.0,3.0,13.0,0.04,0.02,0.02,0.01,74.01,70.19
17557,5,102,20098,4.0,3.0,5.0,0.99,1.0,0.37,0.52,121.94,71.2
17558,4,73,9875,3.0,1.0,4.0,1.0,1.0,0.55,0.68,134.36,56.25
17559,12,257,24918,9.0,6.0,10.0,1.0,1.0,0.58,0.46,103.41,92.83
17560,6,78,19188,5.0,3.0,6.0,1.0,1.0,0.62,0.55,39.99,64.83
17561,8,241,29241,6.0,3.0,7.0,0.51,0.51,0.65,0.72,141.17,90.75
17578,1,2,93,1.0,1.0,1.0,1.0,1.0,0.5,0.44,0.03,60.0
17595,17,1882,1657436,7.0,2.0,13.0,0.97,0.98,0.36,0.06,11.75,64.35
17646,25,423,147868,8.0,2.0,16.0,1.0,1.0,0.41,0.2,29.85,97.16
17647,7,161,73497,7.0,2.0,7.0,0.95,0.97,0.45,0.13,58.24,86.29
17648,16,1944,850762,7.0,3.0,13.0,0.75,0.76,0.49,0.91,63.63,67.0
17649,16,196,88359,5.0,4.0,10.0,1.0,1.0,0.55,0.27,35.06,71.62
17650,12,173,38249,6.0,4.0,10.0,0.86,0.72,0.43,0.26,67.79,102.58
17651,5,159,15285,4.0,2.0,4.0,1.0,1.0,0.59,0.78,194.2,103.0
17652,3,3,120,3.0,2.0,3.0,1.0,1.0,0.33,0.33,0.0,122.67
17653,1,1,40,1.0,1.0,1.0,1.0,1.0,1.0,1.0,0.0,60.0
17663,27,1073,606861,12.0,5.0,24.0,0.77,0.95,0.55,0.14,2.43,86.67
17664,9,2736,251088,7.0,2.0,8.0,1.0,1.0,0.42,0.49,69.83,57.33
17665,8,241,36193,5.0,1.0,7.0,0.93,0.8,0.47,0.47,83.9,91.88
17666,10,346,55335,7.0,3.0,8.0,0.93,0.76,0.84,0.67,80.3,84.6
17667,7,241,39771,5.0,3.0,6.0,0.34,0.51,0.95,0.92,83.41,67.57
17668,13,1016,153470,5.0,2.0,7.0,1.0,1.0,0.94,0.72,39.36,78.92
17669,3,40,8038,2.0,1.0,3.0,0.65,0.25,0.4,0.11,183.29,81.33
17670,8,133,74984,6.0,3.0,7.0,1.0,1.0,0.35,0.16,41.67,104.5
17671,11,1092,110062,6.0,2.0,11.0,0.99,0.99,0.08,0.16,109.62,92.0
17672,12,376,102477,5.0,3.0,11.0,0.94,0.9,0.6,0.68,101.22,78.92
17673,6,61,20293,5.0,3.0,5.0,0.87,0.88,0.56,0.51,10.32,122.5
17674,11,3446,381630,8.0,3.0,10.0,0.05,0.2,0.95,0.66,46.87,75.27
17675,9,163,48434,4.0,2.0,7.0,1.0,1.0,0.55,0.16,81.39,106.0
17676,12,181,32895,4.0,2.0,8.0,0.97,0.93,0.48,0.76,90.66,84.33
17677,11,800,153700,7.0,3.0,8.0,0.2,0.52,0.3,0.22,117.69,58.55
17678,10,1019,109699,8.0,4.0,8.0,0.59,0.6,0.49,0.5,71.23,96.7
17679,7,91,28195,4.0,4.0,6.0,1.0,1.0,0.53,0.36,47.96,123.71
17680,6,740,61820,4.0,2.0,4.0,0.79,0.68,0.56,0.66,113.9,64.5
17681,9,3042,536128,7.0,6.0,8.0,0.01,0.01,0.99,1.0,75.65,100.56
17682,12,565,193366,5.0,3.0,9.0,0.43,0.8,0.44,0.16,81.93,86.58
17684,19,2458,2693062,8.0,2.0,18.0,0.98,0.98,0.25,0.03,1.21,88.0
17685,14,468,240316,7.0,3.0,13.0,0.25,0.12,0.37,0.12,27.36,99.0
17686,9,389,237314,7.0,4.0,8.0,1.0,1.0,0.5,0.09,44.08,86.33
17687,36,2024,1658481,12.0,2.0,30.0,0.38,0.15,0.18,0.07,38.89,109.5
17688,18,322,94376,7.0,1.0,15.0,0.87,0.79,0.49,0.55,110.71,114.89
17689,38,593,173450,19.0,4.0,30.0,0.94,0.9,0.52,0.58,44.7,90.45
17690,18,476,117297,7.0,1.0,14.0,0.96,0.94,0.55,0.68,65.08,71.44
17691,12,130,41063,6.0,3.0,12.0,0.89,0.85,0.33,0.31,47.73,120.83
17693,20,333,138593,10.0,6.0,18.0,0.65,0.46,0.53,0.21,11.27,71.85
17694,13,1303,158615,6.0,4.0,10.0,1.0,1.0,0.96,0.86,80.58,77.92
17695,12,254,32574,6.0,3.0,10.0,1.0,1.0,0.57,0.55,111.56,94.58
17696,5,43,8683,5.0,3.0,5.0,0.74,0.67,0.95,0.99,13.13,94.4
17697,14,2903,502179,9.0,6.0,13.0,0.05,0.07,0.99,0.97,72.91,89.64
17741,12,356,273066,3.0,3.0,4.0,1.0,1.0,0.59,0.69,0.38,59.42
17743,4,7,600,4.0,4.0,4.0,1.0,1.0,0.29,0.3,0.27,102.5
17744,26,5154,5091481,9.0,2.0,22.0,0.06,0.02,0.17,0.02,28.53,79.27
17745,8,205,42818,4.0,1.0,7.0,0.92,0.81,0.53,0.26,153.56,91.75
17746,4,11,1662,4.0,3.0,4.0,0.91,0.98,0.09,0.03,8.14,103.75
17747,4,98,30791,2.0,1.0,4.0,0.78,0.68,0.51,0.38,84.31,105.5
17748,5,108,20815,5.0,2.0,5.0,0.84,0.67,0.33,0.29,147.2,65.6
17749,8,123,23549,6.0,3.0,8.0,1.0,1.0,0.59,0.57,95.53,83.62
17750,7,193,50589,5.0,2.0,7.0,1.0,1.0,0.72,0.51,108.8,85.86
17751,4,57,10613,3.0,2.0,4.0,1.0,1.0,0.63,0.74,36.37,66.25
17752,2,14,1393,2.0,2.0,2.0,1.0,1.0,0.93,0.97,9.55,87.5
17753,5,62,27156,2.0,1.0,4.0,1.0,1.0,0.63,0.51,2.09,58.4
17754,2,27,6610,2.0,1.0,2.0,1.0,1.0,0.11,0.54,148.27,56.0
17755,5,102,18177,5.0,3.0,5.0,1.0,1.0,0.56,0.36,59.41,64.8
17756,2,55,14948,2.0,1.0,2.0,1.0,1.0,0.78,0.58,143.39,59.5
17757,6,155,23239,3.0,2.0,5.0,1.0,1.0,0.56,0.6,146.37,69.5
17759,4,129,18211,3.0,2.0,3.0,1.0,1.0,0.74,0.82,146.61,107.75
17760,13,484,172743,5.0,1.0,9.0,0.98,0.97,0.42,0.21,178.4,78.15
17761,2,19,2897,2.0,2.0,2.0,1.0,1.0,0.95,0.99,32.63,156.0
17762,7,116,7793,6.0,3.0,6.0,1.0,1.0,0.91,0.79,163.03,95.29
17763,5,123,41097,5.0,2.0,5.0,0.65,0.46,0.57,0.63,57.77,56.4
17764,2,44,19395,2.0,1.0,2.0,1.0,1.0,0.52,0.52,5.36,60.0
17765,7,112,42046,3.0,1.0,6.0,1.0,1.0,0.62,0.23,42.21,82.86
17766,1,18,3945,1.0,1.0,1.0,1.0,1.0,1.0,1.0,240.03,60.0
17767,3,17,3974,3.0,2.0,3.0,1.0,1.0,0.53,0.67,60.0,75.67
17768,8,155,28723,4.0,2.0,7.0,1.0,1.0,0.72,0.59,122.18,61.5
17769,4,54,24372,3.0,1.0,4.0,1.0,1.0,0.28,0.19,69.5,119.5
17770,5,31,11448,3.0,2.0,5.0,1.0,1.0,0.52,0.34,0.76,76.0
17771,4,104,28372,3.0,2.0,3.0,1.0,1.0,0.49,0.25,138.02,59.5
17772,3,45,10498,3.0,3.0,3.0,1.0,1.0,0.49,0.29,40.17,123.0
17774,3,47,22866,3.0,1.0,3.0,1.0,1.0,0.32,0.15,21.84,60.67
17775,3,25,4457,3.0,3.0,3.0,1.0,1.0,0.68,0.92,13.2,58.0
26569,4,4,198,4.0,4.0,4.0,0.75,0.61,0.25,0.39,0.0,248.75
